19900
33000
35000
42500
49900
52500
55000
59000
68900
70000
72995
85000
89100
109000
109550
110000
123500
127918
149000
152000
154447
155000
159000
159130
165000
178340
179900
182000
185000
189000
189900
193483
195000
197000
198000
199000
199280
199900
200000
208900
209900
210000
210400
215000
217000
218900
220000
221000
222000
225000
227000
229000
229500
229900
230000
235000
239000
240000
241680
242150
243000
249000
250000
250900
255000
259000
259900
260000
264900
265000
267191
269000
269900
270000
272000
272826
274744
275000
278500
279000
280000
282000
285000
285500
289900
290000
295000
299000
299500
299900
299999
300000
300900
301500
305000
309000
309500
310000
315000
318000
319000
320000
322000
323000
323900
324100
324500
324900
324999
325000
329000
329500
329900
330000
333900
335000
335500
337000
337500
339000
339900
340000
343390
344000
344900
345000
347500
349000
349900
350000
352000
354999
355000
359000
359900
362000
364900
365000
367000
367990
369000
369500
369900
370000
373000
373500
374000
374900
375000
378000
379000
379900
379999
380000
384000
384900
385000
387000
388000
389000
389900
390000
394000
394900
394920
395000
397900
399000
399500
399900
399990
400000
400500
403900
405000
407000
409000
409950
410000
415000
419000
419900
423000
424000
424900
425000
425500
425900
429000
429900
430000
434000
435000
435500
437000
437500
439000
439500
439900
439999
440000
444900
445000
445900
449000
449900
450000
452000
454999
455550
456000
459000
459900
462990
465000
468000
469000
469900
473000
473500
474900
475000
479000
479900
480000
485000
489000
489900
490000
492000
495000
499000
499500
499900
499950
500000
501000
509000
510000
515000
517000
518000
519900
522000
523490
524000
524900
525000
529000
530000
535000
540000
542000
545000
545500
549000
550000
552200
559000
564900
565000
568000
569000
569900
575000
575500
579000
585000
588500
589000
589900
590000
595000
598000
598500
599000
599900
610000
612000
612900
615000
620000
624900
625000
627000
629000
634000
634500
639000
639500
639900
640000
644900
645000
650000
659000
675000
678900
679000
680000
689000
689900
694000
694500
699000
699900
700000
710000
725000
728234
729000
734900
735000
745000
749500
750000
754000
759000
770000
774888
775000
778000
779000
780000
785000
787500
795000
799000
799900
800000
806000
824900
825000
829900
835000
845000
849000
849500
856000
869900
875000
879000
879500
880000
885000
895000
899000
899900
900000
924900
925000
929000
945000
949000
950000
971840
974000
979000
989000
995000
998900
999900
1000000
1049000
1050000
1100000
1140000
1150000
1158500
1165000
1188000
1190000
1195000
1199000
1200000
1225000
1279000
1295000
1300000
1340000
1350000
1395000
1400000
1450000
1479000
1499000
1499500
1500000
1550000
1595000
1599000
1695000
1750000
1800000
1995000
1996000
2490000
2499000
2699000
2950000
3499000
3500000
5500000
