35450 , 1045.68799 , 881.023193
111391 , 1042.12402 , 868.321777
31033 , 1032.43103 , 867.816711
48648 , 1039.12305 , 864.357117
116003 , 1037.68799 , 873.252319
13649 , 1033.32495 , 881.77002
56725 , 1036.771 , 866.49823
20607 , 1041.88196 , 869.105896
59370 , 1044.80298 , 869.293579
1094 , 1044.56995 , 872.246582
26564 , 1037.84399 , 873.985596
111700 , 1035.47803 , 882.825684
64898 , 1043.83997 , 871.287598
30819 , 1035.87402 , 865.865112
44302 , 1042.37903 , 863.619385
45584 , 1040.06799 , 882.559998
