39674 , 119.516296 , 1143.57495
92267 , 108.973503 , 1126.63904
5543 , 107.611099 , 1127.85303
41126 , 112.342796 , 1136.14001
1577 , 119.8629 , 1137.20105
111429 , 110.658401 , 1127.59595
113969 , 116.158501 , 1139.828
49924 , 120.871597 , 1139.83203
48157 , 108.3293 , 1134.70703
93188 , 117.259598 , 1128.44202
67370 , 116.9394 , 1126.33606
59613 , 114.040604 , 1126.70703
112997 , 118.077003 , 1133.34094
42534 , 109.253601 , 1134.16394
37205 , 109.4049 , 1132.92102
12491 , 106.997803 , 1132.48596
