53157 , 121.0103 , 234.842194
30056 , 114.479401 , 225.482193
89453 , 112.567001 , 232.400894
80886 , 114.926498 , 225.891205
22700 , 113.173798 , 239.122101
8386 , 114.882698 , 234.445908
92904 , 117.192902 , 241.504898
5785 , 120.235901 , 232.5298
78045 , 113.104103 , 242.398804
49126 , 107.930298 , 229.1017
85157 , 120.608704 , 240.7556
63650 , 114.517197 , 241.1819
20967 , 110.313599 , 228.990402
29371 , 115.454399 , 223.587402
108520 , 113.393303 , 227.806198
102200 , 119.355598 , 227.869202
42626 , 112.465897 , 227.249603
222 , 113.998398 , 237.414902
