97531 , 119.070396 , 482.266815
45854 , 114.548698 , 465.157593
66117 , 109.837601 , 475.922485
48026 , 119.300003 , 474.065186
116188 , 108.902496 , 470.020813
86628 , 120.935799 , 466.4328
43389 , 118.920998 , 468.618713
108217 , 107.125801 , 470.533203
108135 , 115.107697 , 463.612
26506 , 116.055801 , 476.087311
90287 , 109.7714 , 472.200012
75318 , 112.574898 , 462.044098
94333 , 119.451698 , 464.058197
25681 , 112.592796 , 466.114685
118930 , 117.444901 , 473.920105
64910 , 119.6334 , 476.551788
115656 , 111.560303 , 470.076111
5938 , 107.067703 , 463.628693
43315 , 118.884499 , 473.319397
