84346 , 1257.46997 , 1737.86694
110997 , 1247.29102 , 1754.58997
11222 , 1253.97205 , 1754.69702
22089 , 1246.11804 , 1742.21802
112701 , 1246.51001 , 1746.85706
54813 , 1254.79004 , 1747.48206
49064 , 1244.38098 , 1740.23706
45464 , 1245.54395 , 1755.02795
110965 , 1258.36304 , 1747.63501
104730 , 1244.73901 , 1756.25806
15908 , 1257.99902 , 1755.33105
87519 , 1257.87195 , 1739.58801
56531 , 1245.87097 , 1753.40698
68916 , 1253.00305 , 1744.66199
37586 , 1251.21497 , 1738.06799
28118 , 1252.91895 , 1740.23596
48123 , 1250.27002 , 1739.06995
36617 , 1249.49597 , 1741.40906
77536 , 1256.51501 , 1746.17798
