47697 , 1245.07202 , 588.140015
58650 , 1250.47095 , 595.263184
119268 , 1256.05005 , 579.719482
27033 , 1245.33203 , 598.084412
89393 , 1257.60706 , 578.650024
58536 , 1257.26904 , 581.749573
24315 , 1251.01599 , 584.463623
47100 , 1252.34204 , 581.427185
107895 , 1251.32104 , 580.259827
111593 , 1248.10596 , 578.742676
107155 , 1255.96106 , 581.619812
62212 , 1247.24194 , 580.036987
111541 , 1253.08301 , 584.797791
49588 , 1257.76001 , 579.191528
77610 , 1251.23804 , 591.553772
108141 , 1250.11597 , 592.415588
101630 , 1250.56494 , 587.284729
