26309 , 1322.15601 , 1160.79297
117738 , 1321.23596 , 1155.20203
83894 , 1320.70996 , 1158.64502
108469 , 1324.52698 , 1156.17004
14224 , 1320.10706 , 1166.19702
60117 , 1325.20605 , 1159.69202
51968 , 1315.63306 , 1167.10901
61292 , 1327.40295 , 1165.38
110761 , 1315.66602 , 1156.00598
87206 , 1315.61694 , 1159.81396
41243 , 1318.35498 , 1158.09998
4373 , 1322.146 , 1159.38
90937 , 1316.42896 , 1170.02405
1161 , 1324.52905 , 1152.30603
113474 , 1319.03296 , 1152.62903
40957 , 1327.87695 , 1160.16394
