83575 , 1322.94299 , 972.150696
69104 , 1323.09204 , 971.586182
99519 , 1326.86096 , 978.373901
78172 , 1328.73596 , 962.785278
11504 , 1323.54199 , 970.128784
102992 , 1324.13306 , 975.207825
9826 , 1324.62 , 961.359375
54138 , 1318.31201 , 972.268982
41193 , 1328.20801 , 965.96051
45595 , 1325.18005 , 959.369324
63356 , 1324.56299 , 964.676514
108649 , 1326.099 , 972.409119
101686 , 1315.82996 , 972.784424
56732 , 1316.48096 , 958.782104
11931 , 1325.35901 , 960.150391
84082 , 1316.34399 , 971.952271
