72254 , 1394.00098 , 687.729126
75443 , 1395.65698 , 683.679321
111254 , 1391.245 , 677.428589
115207 , 1397.224 , 676.341919
60555 , 1395.68701 , 687.660278
45838 , 1396.58301 , 683.926697
10762 , 1385.09399 , 674.462524
5300 , 1394.72302 , 687.775024
9237 , 1398.56604 , 689.079285
106014 , 1391.64502 , 685.370483
11460 , 1389.19995 , 675.616699
113940 , 1391.55103 , 688.528992
3229 , 1398.71399 , 682.280029
13223 , 1398.125 , 689.93457
107756 , 1394.93005 , 683.015503
12175 , 1390.43799 , 683.56543
86399 , 1396.56299 , 675.952515
4495 , 1398.19897 , 676.354492
60847 , 1393.28198 , 687.198975
83890 , 1391.06494 , 676.830078
58684 , 1389.70605 , 683.950378
