102228 , 152.461807 , 1614.245
43314 , 152.750595 , 1628.24402
22247 , 140.498505 , 1627.65295
52956 , 145.433197 , 1623.04797
72518 , 152.479797 , 1622.65698
76752 , 152.333206 , 1618.69897
110347 , 143.663803 , 1630.18298
16294 , 149.034607 , 1628.55005
14846 , 151.657104 , 1616.76904
80618 , 145.9953 , 1630.60803
40715 , 140.028107 , 1625.00903
58247 , 144.871399 , 1621.51001
33818 , 148.231796 , 1624.828
13160 , 144.490295 , 1613.33496
110753 , 144.447495 , 1627.27905
17089 , 146.841507 , 1625.75903
17563 , 143.449097 , 1620.56995
