1237648674507981575 , 160.500107 , 909.588501
1237646551709320078 , 134.419006 , 896.0849
1237646504471298414 , 170.7966 , 918.469727
1237648672921486354 , 168.5186 , 880.542419
1237646547974554064 , 144.368607 , 873.876099
1237649911446962913 , 136.979797 , 919.756775
1237648705662288864 , 156.620605 , 906.912781
1237646793842033921 , 156.728394 , 900.668884
1237648722855330581 , 162.782303 , 861.142273
1237646646203974222 , 167.651901 , 897.70752
1237646749287186475 , 163.345596 , 864.931091
1237646647821336865 , 125.900101 , 858.128418
1237649743945466115 , 141.867798 , 885.622498
1237646510907785392 , 135.981094 , 889.04718
1237648674529608834 , 125.6735 , 871.398621
1237648675057041941 , 156.567795 , 921.085876
1237649864204091445 , 143.923706 , 879.374817
1237646750898127035 , 134.761993 , 899.732727
1237649919508414567 , 166.815796 , 884.79718
1237648672901235357 , 123.3367 , 919.462524
1237646795991614873 , 134.177704 , 865.889771
1237648705134920914 , 120.114799 , 903.785583
1237648702994449464 , 165.692596 , 880.458496
1237649808909599603 , 164.974503 , 933.554626
1237648674508112724 , 162.841904 , 862.947388
1237646586627555760 , 144.940308 , 916.318787
1237646795989123834 , 132.645203 , 874.40033
1237648704030769458 , 153.631302 , 899.819275
1237649961925148719 , 119.327499 , 897.695496
1237648704060261022 , 168.453094 , 937.467773
1237649743408267307 , 140.407898 , 906.643311
1237646705803919692 , 141.872192 , 872.483582
1237649794410152468 , 144.914398 , 916.735474
1237646547437879857 , 156.770203 , 936.92749
1237648703509299441 , 163.537399 , 863.528687
1237646794377201182 , 137.221497 , 909.861816
1237650004863091329 , 123.037003 , 892.416321
1237646795996136526 , 168.174103 , 866.822388
1237648674519515637 , 168.679001 , 928.446228
1237646750888624861 , 150.208694 , 915.494019
1237649768642971988 , 132.682999 , 935.929321
1237648674529215029 , 148.571396 , 916.278381
1237648598264315916 , 128.883896 , 859.813904
1237649769716188624 , 158.583206 , 872.693909
1237646586640730227 , 145.487701 , 901.666199
1237646798676623901 , 145.3965 , 923.371521
1237646793846623508 , 159.638504 , 882.55072
1237648704066683908 , 139.459 , 895.705811
1237648704063145084 , 162.565399 , 861.447571
1237648675584344075 , 133.424301 , 865.856873
1237646587175438107 , 150.421799 , 934.637878
1237648674524495880 , 121.061401 , 869.333618
1237648703521030712 , 121.525299 , 903.637085
1237649927564886494 , 174.333603 , 898.274719
1237649918963417351 , 123.6791 , 915.97113
1237649768110490924 , 156.868301 , 903.492615
1237646588230894157 , 140.915604 , 877.431213
1237646749282534073 , 151.441406 , 882.4198
1237649961920496529 , 125.882301 , 914.117493
1237648673967505943 , 147.754501 , 859.69928
1237648722325537429 , 140.300095 , 898.945313
1237646793302868024 , 118.818298 , 860.867126
1237646797058343318 , 150.735001 , 868.01239
1237649911993860794 , 134.666702 , 874.469299
1237649862593019934 , 167.677307 , 877.096375
1237646797062211762 , 149.503403 , 858.338013
1237649872794419220 , 169.265701 , 903.355103
1237646586079150461 , 149.704803 , 857.962708
1237646547950567747 , 122.311302 , 896.261719
1237648596112835554 , 128.962799 , 930.840576
1237648720140173796 , 140.032593 , 861.223206
1237648704053641597 , 158.763397 , 931.29187
1237649942587443175 , 141.919098 , 928.708191
1237646751432836115 , 146.330704 , 936.992126
1237646793310208105 , 136.446198 , 900.445313
1237646708498827017 , 174.253906 , 857.800415
1237648703529551280 , 151.226196 , 893.814514
1237648722850546725 , 140.264801 , 891.599426
1237646792228210380 , 146.660904 , 903.427673
1237648702988092319 , 148.391495 , 923.216309
1237648722313412970 , 128.1931 , 869.926575
1237646795995676701 , 153.686005 , 935.172607
1237646707427116650 , 155.3508 , 934.459229
1237649768107147806 , 163.898605 , 898.237671
1237648704058294926 , 141.386002 , 886.431824
1237649918963417350 , 134.379593 , 920.315613
1237646706869535216 , 142.808899 , 875.281128
1237646749279584270 , 145.9431 , 933.634094
1237648704053248820 , 170.316605 , 934.775085
1237646585550406282 , 129.039597 , 889.161987
1237650010778370588 , 128.684601 , 898.721313
1237649964073156641 , 132.293198 , 889.608215
1237648704063276476 , 158.950104 , 922.710388
1237648673440268691 , 152.421906 , 875.497375
1237649807835857444 , 134.675797 , 915.917725
1237646585540576083 , 173.066193 , 883.594177
1237649871720218852 , 123.223503 , 927.323975
1237649743412070549 , 174.087494 , 893.836121
1237646647837852979 , 147.355804 , 894.43042
1237646749281288745 , 172.949005 , 895.127075
1237646549027455253 , 154.879807 , 936.871582
1237648703498289945 , 161.706406 , 886.202576
1237648704043220996 , 127.403503 , 876.718323
1237646585549488681 , 140.099899 , 881.181274
1237648722277762519 , 137.177505 , 892.954285
1237646586076988534 , 141.252701 , 870.235901
1237648673964491018 , 137.275604 , 887.227783
1237648722828919502 , 154.005295 , 872.166687
1237646795991483478 , 145.814499 , 904.443787
1237648595579634490 , 134.996399 , 872.767883
1237649745022353497 , 165.6884 , 936.110779
1237646586103465938 , 174.762405 , 931.198303
1237648722859459439 , 159.760193 , 878.99231
1237649910922674366 , 131.616806 , 906.449219
1237646546899960255 , 146.843506 , 857.249023
1237648595579110153 , 145.360794 , 894.32251
1237648703510675930 , 161.585098 , 902.789429
1237649961386573896 , 157.940094 , 923.216919
1237646546894127369 , 121.306999 , 899.745422
1237649963533664463 , 137.761795 , 920.319275
1237649863666041161 , 119.762497 , 931.280518
1237649807300035393 , 132.382507 , 926.804077
1237646793848196925 , 143.808105 , 864.810486
1237648722297487461 , 166.169998 , 937.847229
1237646574794440936 , 157.160797 , 869.270874
1237648675570975020 , 172.035706 , 889.318787
1237648673442759002 , 137.873001 , 901.971191
1237648703497502738 , 119.606499 , 916.966003
1237648675598762516 , 167.035797 , 910.297119
1237648702980424699 , 140.691101 , 880.619385
1237646792235286716 , 134.839493 , 880.945618
1237646751426019661 , 136.199799 , 930.097717
1237649954398339202 , 132.324402 , 896.229675
1237648705637711879 , 165.572403 , 928.55542
1237648673978384762 , 134.722 , 893.683105
1237649864747778051 , 135.872498 , 880.51178
1237645877410529288 , 153.883499 , 869.337219
1237646547974488975 , 156.231201 , 858.303772
1237649952798540143 , 166.812607 , 886.147217
1237646794374185012 , 149.892502 , 905.950317
1237646549043577010 , 167.699799 , 911.298218
1237648675059269768 , 167.939896 , 901.531372
1237649769714091235 , 130.747406 , 899.21759
1237646588219687137 , 141.889496 , 874.91272
1237648597725152369 , 119.478104 , 892.320923
1237649808374498066 , 156.913605 , 932.888123
1237649911986389009 , 143.471893 , 908.982117
1237646647808426229 , 160.7379 , 864.480225
1237648705107591565 , 170.460999 , 857.398193
1237648705644593406 , 157.5504 , 927.373291
1237646708483751946 , 133.7565 , 931.830811
1237646549039972419 , 148.869095 , 876.931519
1237649862591775005 , 120.419098 , 929.226685
1237648705105821699 , 140.430496 , 873.824402
1237649909840020202 , 138.893906 , 866.538574
1237646587711915304 , 123.493599 , 922.401001
1237646792230044127 , 156.247299 , 907.213806
1237649963536548766 , 137.212997 , 918.77417
1237649863136379089 , 126.299698 , 890.445618
1237648596114211068 , 134.068298 , 894.174988
1237646708482375686 , 165.872696 , 884.757019
1237648675577921875 , 123.897301 , 894.223816
1237646749821567360 , 158.075302 , 863.590515
1237646510371897654 , 164.280807 , 871.370422
1237649939907412719 , 155.792404 , 884.769226
1237648673456915183 , 133.453796 , 871.395691
1237649954402599615 , 125.659401 , 858.633789
1237646749825565028 , 130.960693 , 908.121582
1237646647304455862 , 152.445999 , 899.091309
1237649964070666495 , 162.933105 , 906.189697
1237649910909306235 , 121.7174 , 877.424316
1237649824478396575 , 165.315201 , 888.671814
1237646707412697782 , 124.5783 , 862.237976
1237649911458890504 , 164.7332 , 880.285217
1237648674522137034 , 172.177704 , 915.894897
1237646588251537483 , 166.997299 , 874.628723
1237649929173009037 , 161.8909 , 863.883301
1237648672896647532 , 165.329193 , 871.575012
1237648703531909165 , 122.064598 , 858.922485
1237646549047575345 , 132.756699 , 893.104797
1237648704590315532 , 162.373993 , 893.815613
1237649742871594448 , 150.592606 , 929.606201
1237648673991033477 , 160.317703 , 900.005676
1237648703513690706 , 169.185303 , 923.239685
1237646553859948597 , 170.121002 , 864.771118
1237649964060377282 , 124.011597 , 918.464783
1237648702983505027 , 147.585297 , 864.617615
1237649770251749467 , 138.378693 , 879.600525
1237646647297966828 , 141.506699 , 868.76178
1237648672923190609 , 125.328003 , 900.561279
1237648722863718425 , 120.006897 , 917.547974
1237646797605634730 , 171.253204 , 915.505371
1237649962992993238 , 167.9431 , 869.224609
1237649742875984502 , 127.275002 , 866.943298
1237648675045703983 , 159.672302 , 856.532471
1237649929703719146 , 147.242798 , 885.038879
1237648674534785080 , 172.134201 , 879.470093
1237648705122402495 , 128.863007 , 861.088684
1237648702991041752 , 142.322006 , 896.758179
1237649939903414333 , 171.203903 , 908.539917
1237648702986781869 , 119.843201 , 889.245605
