1237646574793654963 , 158.980392 , 450.750488
1237649963532943716 , 126.369202 , 441.839111
1237646797064176565 , 159.805496 , 436.151306
1237646647300130096 , 144.369904 , 430.053589
1237646647827300788 , 151.381805 , 406.080505
1237646551175463836 , 145.474396 , 433.027405
1237649940439761418 , 135.409393 , 457.645813
1237648704069698967 , 131.103195 , 439.199493
1237646586087997998 , 169.958206 , 386.130707
1237645877425275108 , 148.448196 , 421.690002
1237646749278863819 , 164.411301 , 425.025696
1237649919510184210 , 143.016602 , 448.223114
1237646706864619835 , 166.139801 , 393.6828
1237648597189264216 , 151.320007 , 389.002808
1237646748744155590 , 120.004799 , 432.149292
1237649953863107206 , 141.429703 , 400.338806
1237650011311505621 , 158.530106 , 415.164612
1237649918971478030 , 139.445404 , 436.870789
1237646547977962431 , 125.952003 , 419.518799
1237648722278417104 , 140.510406 , 436.735809
1237649769181610005 , 135.371201 , 444.081787
1237648705669365777 , 155.516998 , 460.7724
1237649743943828587 , 151.223206 , 403.733795
1237646588218703879 , 148.829102 , 400.744995
1237648703511265798 , 136.076294 , 438.624298
1237646647282696546 , 125.326599 , 417.04599
1237648702977082364 , 142.891296 , 401.463409
1237649911452402193 , 119.2658 , 427.621307
1237648722302010176 , 127.775002 , 394.915497
1237646749819404667 , 128.662399 , 383.814514
1237646750894850091 , 153.281097 , 456.605988
1237646588251013504 , 146.434097 , 403.69101
1237646794379954838 , 170.876099 , 433.520996
1237646586638173663 , 167.759705 , 438.26181
1237649962990371040 , 132.416 , 456.086212
1237649911460790934 , 152.188995 , 421.530609
1237646586097566451 , 152.303802 , 435.49939
1237648705140621349 , 154.378204 , 442.950012
1237646750361911570 , 149.099594 , 432.534302
1237646549582545212 , 171.060898 , 393.475708
1237648702991433759 , 124.371696 , 428.521088
1237649911985014108 , 164.651901 , 461.779785
1237646549034074750 , 171.810806 , 445.490601
1237648702981211188 , 157.938293 , 385.098511
1237648673445642520 , 124.457497 , 458.598602
1237648704061112617 , 154.025894 , 411.088287
1237648704041845609 , 152.826706 , 426.932007
1237649770790518836 , 124.433296 , 449.246796
1237649962987815575 , 148.654297 , 451.98999
1237646792232142113 , 136.691895 , 458.832306
1237649865284255953 , 139.5923 , 386.406799
1237646795986108593 , 174.274597 , 395.16391
1237646547957580082 , 160.655594 , 421.478607
1237649918428119270 , 122.146202 , 453.149902
1237648722815616172 , 160.115494 , 410.731415
1237648702973149566 , 126.913902 , 418.7836
1237646793847147975 , 168.480301 , 460.912109
1237646797595020566 , 173.070099 , 440.058014
1237649911458169096 , 150.933395 , 437.038086
1237648673450296522 , 152.685104 , 442.711212
1237646707955793997 , 142.259796 , 440.569885
1237646585566856440 , 160.609406 , 458.167603
1237649919501271700 , 133.652298 , 456.448395
1237646587685372701 , 129.845093 , 425.642395
1237650010767491439 , 120.099297 , 404.066803
1237646506075357193 , 151.749298 , 417.692505
1237649807297150990 , 145.545303 , 430.599304
1237648703531975701 , 134.629105 , 456.043213
1237646793841116163 , 154.013397 , 400.936096
1237646792235943545 , 135.035004 , 458.50119
1237646551171727780 , 172.440308 , 392.054108
1237648598263268049 , 140.434906 , 431.372314
1237648722292376362 , 168.957703 , 390.562897
1237649920036831824 , 172.243103 , 426.513397
1237646792773276800 , 159.3638 , 391.080505
1237649942594126537 , 149.723099 , 463.753906
1237648705100317290 , 161.554504 , 418.680511
1237648598260253588 , 126.024101 , 413.186005
1237649954936455425 , 125.137901 , 415.808685
1237649794946564878 , 136.612701 , 428.123688
1237649910909503220 , 169.530807 , 426.671814
1237646647281058163 , 162.314697 , 424.727692
1237648722849628478 , 131.095703 , 385.642212
1237649865281372400 , 156.266998 , 445.351288
1237648675575955566 , 171.670395 , 455.170013
1237646588223619379 , 143.503204 , 430.844513
1237646586636795951 , 120.505302 , 423.325714
1237646587142209745 , 170.269501 , 463.9776
1237648705133085864 , 123.4431 , 402.113007
1237646645685256471 , 168.983505 , 457.014709
1237646792233254943 , 127.283997 , 407.805603
1237649920038928745 , 147.245499 , 385.439209
1237649864749220353 , 165.963699 , 418.92511
1237646794379954356 , 123.647202 , 453.291199
1237648704605847626 , 140.454407 , 387.347992
1237646705817880909 , 172.9552 , 443.499512
1237650010767950630 , 126.022903 , 390.770203
1237648704058032138 , 139.686798 , 393.8237
1237649919510708249 , 168.700699 , 400.3302
1237646549047378804 , 167.115204 , 397.884094
1237646551173235056 , 153.940094 , 439.354797
1237649928099594571 , 171.297607 , 446.122711
1237648704069435412 , 158.874802 , 444.814789
1237649769180497696 , 128.324203 , 425.214294
1237646798133198961 , 144.946503 , 439.406891
1237646546879971920 , 159.965103 , 415.390106
1237648722329338145 , 119.451698 , 464.058197
1237646708486111336 , 127.301201 , 387.603302
1237649743412134005 , 156.9879 , 428.338593
1237649871183085972 , 121.0457 , 402.48999
1237646546897928530 , 135.760696 , 439.727814
1237648704582517079 , 121.491096 , 463.471588
1237649864202912500 , 167.207794 , 392.76059
1237646587167309865 , 148.289597 , 415.632996
1237646508224151562 , 160.9729 , 399.130615
1237649825551352167 , 153.229797 , 430.705109
1237646793847934649 , 130.151901 , 452.605011
1237646508226707915 , 154.299393 , 412.095886
1237648675037249828 , 161.398697 , 417.091888
1237648705106804881 , 165.820694 , 445.903687
1237648675608003561 , 131.0858 , 457.197296
1237648675603218470 , 129.2435 , 392.190704
1237646645689254195 , 170.367004 , 398.778198
1237649808378757457 , 157.304092 , 424.54361
1237649742873035692 , 133.359497 , 458.821686
1237648721792664801 , 135.088196 , 394.186615
1237650010242940935 , 156.016907 , 440.05719
1237649817498026129 , 165.6884 , 447.459503
1237646750360798502 , 158.271698 , 410.966003
1237649865283338918 , 148.960495 , 431.238312
1237646548510507599 , 159.963898 , 398.122192
1237649953328988512 , 153.022095 , 429.122711
1237648597186969811 , 132.947006 , 394.534393
1237649770259349602 , 129.082901 , 450.373901
1237646548511359014 , 122.825798 , 457.690613
1237649743408201778 , 133.968994 , 445.412109
1237648675605447447 , 154.996506 , 426.279694
1237646549047902767 , 173.285706 , 424.816711
1237649742337606329 , 148.914902 , 432.379211
1237648675600663074 , 156.851501 , 401.499298
1237645877421342850 , 144.804596 , 399.024902
1237649770793207374 , 119.061996 , 432.417694
1237649743948023535 , 132.497696 , 450.937195
1237646588232532316 , 169.594803 , 442.547699
1237649927018905802 , 160.965195 , 390.241699
1237649862599115194 , 137.810501 , 435.709503
1237649816421597456 , 168.294098 , 461.597595
1237648722297225634 , 164.388901 , 408.58609
1237646706346754805 , 158.030502 , 420.946198
1237648702973608366 , 164.977203 , 400.145508
1237648704577274148 , 136.559204 , 426.523102
1237646551712532301 , 171.563904 , 429.035095
1237646552786076324 , 130.581696 , 399.492615
1237648597186184283 , 147.960098 , 457.065491
1237648702973215136 , 138.537903 , 395.263794
1237649807299641767 , 142.578293 , 431.904907
1237648598262940194 , 134.478104 , 456.2854
1237646647283548482 , 119.228798 , 414.237488
1237646647297377323 , 124.677696 , 414.368713
1237646546880627048 , 121.903702 , 426.89209
1237646547953517219 , 133.825195 , 454.618408
1237646506079682856 , 156.592804 , 394.9935
1237649953325056656 , 160.685806 , 445.71701
1237648672903659909 , 132.597595 , 404.615387
1237646793840591465 , 171.052597 , 430.72641
1237648721787093620 , 165.277206 , 397.187408
1237648722311512278 , 118.830002 , 438.758209
1237646793847800031 , 119.0858 , 414.593903
1237646749288761093 , 153.332794 , 461.218811
1237646547958562952 , 160.169693 , 435.355499
1237646795990959122 , 147.039902 , 383.804688
1237648673459930355 , 143.762604 , 408.293488
1237648673997326634 , 131.947205 , 442.642487
1237648720137552125 , 162.223907 , 386.953094
1237648674526724339 , 135.878403 , 452.328613
1237646707426919679 , 130.679794 , 429.296997
1237650014528143971 , 125.18 , 419.604401
1237649824477151945 , 142.224701 , 394.2677
1237648705130070678 , 164.818893 , 392.77951
1237648722298930279 , 141.541504 , 410.980286
1237648722837897505 , 130.146194 , 445.349609
1237649769179447406 , 156.212906 , 422.016388
1237646708485521482 , 172.846893 , 392.875214
1237646647816618232 , 141.287903 , 437.488495
1237648703487148244 , 121.625801 , 395.588898
1237646645693645682 , 131.072403 , 463.090393
1237648722858344876 , 174.258499 , 446.193909
1237650013991600745 , 150.867706 , 454.749908
1237646551172121723 , 166.816605 , 417.068512
1237649742339637956 , 144.326599 , 446.84549
1237649863674167964 , 170.077103 , 437.660309
1237649742873822760 , 141.598495 , 390.331909
1237649872800383550 , 155.461105 , 464.205811
1237646706888345769 , 123.947197 , 421.431213
1237649770790519421 , 151.321701 , 422.246185
1237648704036602140 , 125.760803 , 434.522095
1237645877429994691 , 161.223694 , 452.737793
1237649770259481831 , 122.037498 , 449.993408
1237646586631160248 , 168.383102 , 391.342285
1237646798140211982 , 154.672195 , 451.117188
1237649809443652735 , 135.379105 , 414.298889
1237646552245272700 , 169.960098 , 392.135406
1237646585541362072 , 155.360397 , 397.703094
1237649743411611964 , 169.502106 , 448.185211
1237646797062342195 , 161.205307 , 399.536713
1237648705130071142 , 129.997803 , 452.518311
