113051 , 149.762497 , 701.018982
99949 , 145.303802 , 710.019287
7861 , 141.5448 , 706.532898
43127 , 142.619293 , 703.901917
26490 , 152.306793 , 714.390625
37185 , 146.985992 , 703.315796
30957 , 140.106094 , 716.107788
15964 , 153.1539 , 706.460327
37560 , 151.674194 , 699.413513
101190 , 143.856903 , 699.836792
108686 , 146.009705 , 702.084412
75191 , 141.605103 , 703.884583
11279 , 141.600494 , 701.272217
8470 , 145.080902 , 702.580505
92820 , 144.2043 , 707.33313
74646 , 148.020905 , 711.676025
72191 , 140.460098 , 717.101318
114641 , 153.317993 , 704.839111
112279 , 141.169403 , 707.177429
32219 , 144.355698 , 702.304321
115329 , 144.587006 , 700.312622
81762 , 150.025101 , 710.763123
36579 , 148.665497 , 702.544373
