70952 , 142.934601 , 191.098404
70240 , 142.819107 , 177.632706
117725 , 149.740204 , 183.920593
28047 , 145.881699 , 192.535095
64379 , 143.818604 , 196.613403
6572 , 151.986893 , 192.682007
108151 , 146.304504 , 189.257904
89175 , 150.345703 , 177.294693
10182 , 150.066803 , 186.556
75148 , 144.589096 , 186.828705
16863 , 143.951904 , 186.881607
84208 , 143.397598 , 189.091202
17317 , 149.611496 , 194.232895
23749 , 152.442001 , 185.646103
30197 , 146.050797 , 179.459702
87626 , 140.167297 , 189.821594
