1237649743944613948 , 171.354996 , 1587.74597
1237648705644331385 , 123.919296 , 1645.922
1237648704598967569 , 164.341599 , 1659.51599
1237646586625130900 , 149.034607 , 1628.55005
1237648672918536780 , 133.310501 , 1619.18396
1237646795992662026 , 131.438507 , 1586.28198
1237646792770785108 , 154.476898 , 1591.67297
1237649744485156876 , 169.742294 , 1640.51501
1237649744483319985 , 132.735596 , 1642.29895
1237646706889458533 , 159.989502 , 1621.52905
1237646791699988754 , 152.750595 , 1628.24402
1237649953327612254 , 147.5634 , 1603.08301
1237649962450944802 , 153.906693 , 1637.31702
1237649961916104711 , 156.784393 , 1606.79199
1237648674523841472 , 133.572998 , 1606.15601
1237646504469791060 , 164.678497 , 1633.62305
1237648722281103392 , 146.285202 , 1605.98303
1237646552247239877 , 164.469299 , 1620.54504
1237646588239414139 , 158.303207 , 1584.14001
1237649864203567752 , 143.192093 , 1606.03894
1237648595578847808 , 127.138496 , 1636.97498
1237649928626569461 , 120.984802 , 1600.80896
1237646793307784409 , 159.026794 , 1606.80005
1237646585549816809 , 133.1297 , 1602.828
1237648673969340860 , 168.538406 , 1657.73499
1237646645667496546 , 140.498505 , 1627.65295
1237648705677428205 , 142.044296 , 1656.547
1237648673971372493 , 131.246597 , 1626.56995
1237649768113635402 , 168.196503 , 1662.04004
1237648674497757322 , 168.9785 , 1638.92297
1237646793844589603 , 166.346603 , 1634.85803
1237646706890507774 , 169.916306 , 1597.70996
1237646585538216239 , 170.911697 , 1627.51001
1237649808373908301 , 131.897598 , 1650.86206
1237648720139649361 , 124.975403 , 1587.73096
1237649871183609943 , 130.719193 , 1644.50598
1237649910387770041 , 141.552094 , 1586.66296
1237645877423833454 , 125.7696 , 1615.43896
1237648722817385459 , 135.986298 , 1630.98401
1237646586628210988 , 121.416496 , 1601.52002
1237646585546801874 , 137.6035 , 1628.16602
1237648722322195399 , 120.830002 , 1633.526
1237646750892097817 , 140.028107 , 1625.00903
1237649770791502700 , 156.231003 , 1622.45703
1237646797061619753 , 137.505096 , 1602.08899
1237646587695399107 , 142.718201 , 1656.40002
1237649939903612620 , 152.461807 , 1614.245
1237646797062995998 , 120.030701 , 1594.31995
1237646796522195758 , 135.9953 , 1598.81702
1237646794379626171 , 132.762604 , 1639.10303
1237649769187246360 , 127.055801 , 1599.76794
1237648673431355579 , 164.011398 , 1646.823
1237646585545425596 , 144.490295 , 1613.33496
1237648703493111812 , 143.276199 , 1650.96497
1237646750362829741 , 170.752502 , 1660.76599
1237646548502315207 , 137.8311 , 1627.94995
1237649920579731824 , 146.649902 , 1608.95801
1237649873336926389 , 134.067902 , 1648.00598
1237648704605324329 , 157.540298 , 1616.62598
1237646797596853449 , 174.462204 , 1623.93799
1237646793845441719 , 170.813904 , 1621.79504
1237648703523259492 , 166.166107 , 1632.04504
1237646549033091910 , 129.660797 , 1613.34399
1237646645688730293 , 166.954193 , 1598.40796
1237646647809540524 , 170.502502 , 1652.97205
1237648722830098789 , 126.197098 , 1648.06006
1237646645677130061 , 169.456696 , 1590.45801
1237649817501958608 , 137.646698 , 1599.09094
1237646551171990469 , 129.264206 , 1597.55005
1237649807298920487 , 131.759598 , 1610.93896
1237649912521097805 , 147.535599 , 1643.61694
1237646793843933397 , 149.734604 , 1589.09998
1237646646753624181 , 153.793503 , 1648.64294
1237646795997446246 , 128.751099 , 1614.05505
1237649769722349162 , 140.211304 , 1644.54102
1237649910384034135 , 120.971397 , 1649.89001
1237646793310994651 , 153.775604 , 1584.50098
1237646797595544263 , 145.433197 , 1623.04797
1237649919508480296 , 145.666595 , 1600.23596
1237648703498682625 , 121.423897 , 1624.51599
1237646587698348538 , 168.815506 , 1649.60803
1237648722286084881 , 132.647507 , 1631.30701
1237646706877399713 , 148.231796 , 1624.828
1237649770258236453 , 123.0186 , 1655.01294
1237646648377081891 , 164.243103 , 1619.12598
1237649962455007504 , 120.473 , 1604.79395
1237646586617660168 , 162.241104 , 1626.90198
1237650011315830790 , 166.266098 , 1661.67896
1237648675044327707 , 138.586502 , 1635.93201
1237649963531108699 , 140.660294 , 1663.12805
1237646504466186559 , 158.4702 , 1636.79199
1237646797059850376 , 142.588104 , 1652.57202
1237649794948071779 , 127.7743 , 1635.76501
1237646647828939235 , 128.076904 , 1629.58496
1237648705648787673 , 155.896805 , 1592.84094
1237646587165344522 , 140.7966 , 1583.54895
1237649961385067318 , 119.775597 , 1614.18994
1237648704065111568 , 141.794098 , 1596.56299
1237649871717990951 , 131.914703 , 1603.73804
1237649929706406415 , 158.168304 , 1626.98706
1237648705142850160 , 145.9953 , 1630.60803
1237649743949530490 , 127.720398 , 1650.26697
1237649742875852998 , 171.873093 , 1586.34497
1237646586635879931 , 162.118607 , 1583.75
1237648672915784494 , 162.292892 , 1592.54004
1237646647297442344 , 165.578003 , 1631.45496
1237650010771095884 , 143.953995 , 1587.11804
1237648704605258970 , 128.5793 , 1614.27905
1237649742337279754 , 142.775696 , 1586.54602
1237649808909206006 , 155.367294 , 1662.32495
1237649912528634298 , 151.050705 , 1590.026
1237648703525158929 , 152.479797 , 1622.65698
1237648702993335822 , 130.045395 , 1622.99597
1237646648364499181 , 141.959 , 1646.75
1237648722293883328 , 148.055603 , 1661.27197
1237646587172095515 , 152.9879 , 1659.72498
1237649872796713435 , 132.808105 , 1642.04797
1237646647272145189 , 124.377403 , 1661.32703
1237646796524816469 , 142.522202 , 1584.76001
1237646648374722987 , 165.097702 , 1650.276
1237648703493898972 , 172.105698 , 1660.74097
1237649768112717972 , 167.755905 , 1620.96106
1237649744486466331 , 119.769302 , 1651.11401
1237649816960172269 , 135.185196 , 1622.56604
1237649770789273734 , 161.424393 , 1657.29395
1237648673429979525 , 142.722198 , 1658.76001
1237648704592085112 , 131.447495 , 1657.95605
1237646707426329500 , 164.995102 , 1659.34998
1237649769183903907 , 171.170502 , 1630.73706
1237648596651672620 , 140.182495 , 1588.229
1237649809449746447 , 167.882706 , 1631.02405
1237649961924427956 , 168.937698 , 1610.021
1237646648363778298 , 148.440598 , 1601.17896
1237649954942353428 , 143.663803 , 1630.18298
1237646586638435998 , 143.449097 , 1620.56995
1237648721788273315 , 160.719299 , 1598.99902
1237646795988207363 , 140.150803 , 1589.29297
1237649909843820804 , 167.917404 , 1594.16797
1237648704065241375 , 137.906296 , 1589.78894
1237646795992204225 , 132.896103 , 1594.20801
1237648674530853560 , 120.2481 , 1592.31604
1237649911457514179 , 131.934692 , 1661.81897
1237646797599934198 , 160.276199 , 1613.10095
1237648702996152349 , 130.847504 , 1583.11694
1237649910379316033 , 141.117294 , 1585.797
1237649955481649979 , 144.447495 , 1627.27905
1237646645689517047 , 122.793602 , 1642.078
1237649918433296693 , 142.927795 , 1595.33997
1237646647811441301 , 158.306793 , 1620.98901
1237648673989001770 , 138.448898 , 1601.16394
1237648722307187117 , 132.903397 , 1638.10999
1237648703505826285 , 146.861206 , 1662.73706
1237646586097500897 , 170.333206 , 1615.32202
1237646588222570602 , 168.593094 , 1635.89294
1237646645671231822 , 137.525894 , 1597.91797
1237646794384608637 , 147.291595 , 1585.76404
1237650013456499449 , 147.496597 , 1585.29199
1237646552247698137 , 171.848602 , 1628.26404
1237649911992418659 , 122.5858 , 1598.78601
1237648722818302750 , 121.762497 , 1620.13196
1237648674510864793 , 140.826096 , 1598.23596
1237649912531583659 , 137.680603 , 1620.47705
1237650010230751387 , 126.047897 , 1584.73706
1237649952795263289 , 166.544098 , 1649.50598
1237648722321342859 , 135.613205 , 1620.54895
1237649911993729680 , 126.846497 , 1608.047
1237646587691467151 , 164.192398 , 1598.33801
1237649927023034686 , 121.877098 , 1602.69604
1237649964072108504 , 168.016693 , 1642.823
1237648720137027594 , 150.2164 , 1652.53198
1237649939904136386 , 166.190506 , 1658.60095
1237646509837058167 , 174.486496 , 1603.71704
1237648675602891338 , 172.726196 , 1622.48499
1237646793847606255 , 133.270203 , 1617.73999
1237646797071385839 , 172.600006 , 1644.30603
1237646792769601635 , 136.563904 , 1614.87805
1237648704583172552 , 152.333206 , 1618.69897
1237649873329651949 , 171.117493 , 1631.44299
1237646797598754500 , 142.065308 , 1612.68799
1237648703492522303 , 173.155304 , 1650.02197
1237649809452172093 , 134.774902 , 1592.11597
1237649962459201860 , 141.367203 , 1597.69202
1237648705128759850 , 169.705704 , 1598.58801
1237650005935653688 , 159.907806 , 1654.75
1237646647303210067 , 147.360901 , 1586.18298
1237648674533147719 , 149.552002 , 1650.59094
1237646553858637948 , 121.273598 , 1643.65405
1237649809446142441 , 127.896301 , 1628.96594
1237649744486075203 , 171.613297 , 1604.41895
1237646645684994489 , 158.616592 , 1638.83801
1237646647838966965 , 171.955994 , 1646.34399
1237646506079879316 , 158.771393 , 1640.922
1237649807837298692 , 157.584503 , 1601.73706
1237649796557963685 , 132.087799 , 1649.29004
1237646795989976168 , 121.107399 , 1631.45898
1237649826624897718 , 119.3097 , 1601.82202
1237648672920831649 , 144.871399 , 1621.51001
1237648704567443773 , 129.145294 , 1631.28101
1237646708482638001 , 119.883797 , 1583.56995
1237646792232994950 , 145.250504 , 1636.11401
1237646587173797899 , 146.170395 , 1643.755
1237645877417411261 , 160.378906 , 1597.646
1237646586635159063 , 146.841507 , 1625.75903
1237646647302947410 , 137.434799 , 1651.91003
1237646549565702372 , 171.969894 , 1588.02698
1237646798140212693 , 133.482193 , 1649.09204
1237646792771240127 , 148.6017 , 1646.84302
1237648702993137702 , 155.432297 , 1639.58801
1237649864202715864 , 165.188095 , 1627.37598
1237650010778960105 , 120.1325 , 1657.57202
1237649816429199851 , 128.031296 , 1593.396
1237646706877465029 , 126.535004 , 1654.09094
1237649920043778053 , 125.375 , 1640.81799
1237649742875460508 , 171.182693 , 1617.47998
1237646647296328387 , 154.009903 , 1655.30005
1237648722825511128 , 169.289703 , 1663.78699
1237645877426717504 , 154.029495 , 1649.66394
1237646551711154295 , 164.720993 , 1607.776
1237648704604145375 , 127.5895 , 1649.07703
1237646707958743393 , 173.686905 , 1621.922
1237648704598900746 , 128.999496 , 1645.24597
1237646548498514105 , 158.628494 , 1627.31201
1237646705808704551 , 148.578796 , 1595.03003
1237648704039944530 , 125.3433 , 1619.29797
1237646586084982838 , 151.657104 , 1616.76904
1237646587701624845 , 132.191406 , 1625.28699
1237649768642643578 , 130.662399 , 1593.61401
1237650009701089715 , 138.398102 , 1629.18201
1237646707962806354 , 144.901199 , 1584.51904
1237649794947613057 , 119.0252 , 1614.59302
1237646588223094793 , 132.498993 , 1592.81702
