97668 , 168.700699 , 400.3302
33151 , 166.139801 , 393.6828
83826 , 165.277206 , 397.187408
99604 , 160.965195 , 390.241699
67372 , 156.851501 , 401.499298
107412 , 167.207794 , 392.76059
8887 , 167.115204 , 397.884094
52180 , 161.205307 , 399.536713
2053 , 160.9729 , 399.130615
119811 , 164.388901 , 408.58609
45477 , 159.3638 , 391.080505
17222 , 168.383102 , 391.342285
85645 , 168.957703 , 390.562897
79875 , 164.818893 , 392.77951
7351 , 159.963898 , 398.122192
10369 , 169.960098 , 392.135406
69198 , 164.977203 , 400.145508
23169 , 170.367004 , 398.778198
