82716 , 161.027893 , 582.039612
46470 , 165.156998 , 587.293884
61072 , 163.478104 , 588.152588
63797 , 169.076202 , 591.836914
67572 , 168.5065 , 582.57312
101274 , 166.852203 , 594.562622
28766 , 159.253693 , 578.275208
33095 , 165.811798 , 583.132019
110411 , 161.531204 , 585.869873
28603 , 169.853897 , 584.877686
88732 , 163.157196 , 592.616882
104409 , 170.6763 , 579.064087
105571 , 168.901596 , 596.476929
58173 , 159.519608 , 597.447205
37193 , 167.539001 , 590.003479
19995 , 167.778397 , 594.010986
110787 , 158.318497 , 586.890991
3708 , 157.867096 , 587.737427
55242 , 164.182999 , 584.245178
19069 , 159.1539 , 596.807983
112181 , 168.980606 , 589.190613
65351 , 170.074295 , 595.632629
