31823 , 167.892502 , 1747.78601
19888 , 162.429199 , 1738.80798
866 , 165.907196 , 1747.69299
89840 , 161.488693 , 1747.82605
93486 , 167.154602 , 1750.755
12319 , 161.2901 , 1753.89905
31208 , 161.689606 , 1750.13501
63584 , 165.167007 , 1748.18201
49147 , 167.205505 , 1757.10498
53376 , 161.289398 , 1756.04895
53843 , 163.178696 , 1756.823
97581 , 168.5681 , 1736.97498
114607 , 161.790802 , 1755.47803
118422 , 170.846893 , 1742.99304
8971 , 158.242096 , 1749.09204
81698 , 166.067596 , 1741.93994
64475 , 166.313293 , 1755.18201
