106146 , 167.677307 , 877.096375
101326 , 161.8909 , 863.883301
50160 , 168.174103 , 866.822388
48221 , 159.638504 , 882.55072
70245 , 165.692596 , 880.458496
22399 , 166.997299 , 874.628723
70981 , 163.537399 , 863.528687
57456 , 165.329193 , 871.575012
94969 , 164.7332 , 880.285217
3023 , 164.280807 , 871.370422
11985 , 157.160797 , 869.270874
58281 , 168.5186 , 880.542419
11689 , 170.121002 , 864.771118
39435 , 163.345596 , 864.931091
39798 , 158.075302 , 863.590515
115441 , 159.760193 , 878.99231
58718 , 158.583206 , 872.693909
27592 , 160.7379 , 864.480225
113024 , 167.9431 , 869.224609
