53779 , 183.384293 , 566.199829
88246 , 182.512299 , 568.656006
103656 , 187.386002 , 561.297729
108708 , 174.391998 , 554.441528
16226 , 174.694504 , 565.191406
12282 , 179.794098 , 568.402405
70118 , 175.468094 , 569.641174
61269 , 173.752701 , 556.978271
1313 , 175.492996 , 568.959473
40683 , 181.627304 , 553.97821
90304 , 176.861404 , 564.644287
1903 , 182.211807 , 562.353882
13781 , 187.433594 , 568.746399
14263 , 182.531403 , 553.781128
98737 , 175.876404 , 564.659485
27146 , 176.126404 , 572.918396
13407 , 183.3508 , 554.008484
76396 , 180.996506 , 564.670776
49037 , 177.809204 , 569.676086
81830 , 186.488602 , 568.992188
87826 , 180.850204 , 558.468811
