15444 , 185.671402 , 325.166595
25564 , 185.630798 , 319.355804
42317 , 183.667892 , 337.087585
69671 , 180.932297 , 331.848785
87301 , 184.6474 , 334.631409
62256 , 178.044205 , 331.759491
80353 , 175.152206 , 321.098999
23410 , 179.497604 , 320.133209
13474 , 177.678101 , 336.577911
52330 , 175.437805 , 333.343903
26420 , 177.180099 , 328.450012
8414 , 187.451904 , 325.669495
61513 , 183.721893 , 320.597198
85450 , 175.201508 , 337.501495
98020 , 176.7034 , 334.473114
68978 , 173.680603 , 326.452301
114097 , 179.584 , 323.950714
116085 , 186.337006 , 326.852295
94721 , 176.262405 , 332.494293
37508 , 179.843994 , 328.00061
2511 , 174.713303 , 325.48349
41349 , 181.449402 , 337.715912
7530 , 187.108002 , 327.378815
41023 , 182.033905 , 331.885986
6940 , 176.785294 , 329.295013
78019 , 175.030197 , 327.106812
58922 , 185.352798 , 328.362793
