46204 , 208.709198 , 754.869507
99542 , 212.051498 , 748.123596
109898 , 219.959702 , 749.571777
68606 , 215.339905 , 750.004272
26628 , 220.826508 , 751.000183
75847 , 219.738098 , 747.253418
12533 , 216.021194 , 755.317322
85964 , 219.589493 , 753.914612
98301 , 216.319 , 761.72467
82895 , 220.571594 , 748.605774
91508 , 210.300003 , 756.735474
32797 , 218.587906 , 764.357788
49961 , 212.450302 , 764.603699
28581 , 214.150696 , 757.905212
96257 , 221.051407 , 748.736328
34484 , 212.393097 , 748.176697
50592 , 210.116104 , 747.022705
