76755 , 236.774094 , 1347.83704
117514 , 226.865402 , 1363.01501
102671 , 236.466995 , 1364.29102
52385 , 235.436096 , 1354.64697
108743 , 233.624695 , 1361.17798
73529 , 226.772797 , 1360.15601
56565 , 234.035202 , 1362.93896
85460 , 237.692505 , 1347.85498
80347 , 231.663193 , 1344.19702
29893 , 227.686798 , 1357.24902
52096 , 235.093399 , 1346.09497
787 , 231.038803 , 1353.42505
34739 , 231.992294 , 1351.56494
118174 , 231.572205 , 1353.02795
55140 , 228.016495 , 1348.42395
45419 , 236.243607 , 1345.26697
118755 , 230.711197 , 1364.31494
