79746 , 238.864899 , 1259.33704
91830 , 234.189301 , 1250.88696
99622 , 229.619003 , 1251.36096
105634 , 229.437302 , 1266.85901
12269 , 230.561996 , 1251.53101
112596 , 233.322906 , 1256.71997
83909 , 232.830399 , 1260.40601
26679 , 227.528793 , 1259.05701
44818 , 238.7939 , 1263.61597
36113 , 227.411697 , 1264.31299
116270 , 226.838501 , 1259.724
11450 , 227.667099 , 1249.04395
84371 , 228.752899 , 1252.42297
23094 , 237.2267 , 1250.45203
111624 , 234.439697 , 1248.83203
37296 , 237.147293 , 1263.67603
