9302 , 252.968307 , 1810.39905
5921 , 250.555496 , 1819.85095
16906 , 252.216705 , 1823.37305
88351 , 243.795593 , 1813.30005
98038 , 252.817703 , 1821.45203
95758 , 247.677704 , 1811.51404
21971 , 253.310104 , 1816.15906
85551 , 255.902496 , 1820.224
47600 , 247.749496 , 1813.50305
53666 , 246.272797 , 1810.46497
89359 , 246.473495 , 1818.98401
30113 , 254.998596 , 1809.80396
118221 , 248.595596 , 1820.86902
60129 , 255.092606 , 1818.09399
103449 , 248.173492 , 1819.43396
62411 , 250.365494 , 1823.18701
10551 , 254.282104 , 1813.50098
95671 , 247.979401 , 1823.14001
96102 , 253.787399 , 1815.41394
