115791 , 250.852707 , 1137.79395
82197 , 254.144196 , 1145.01099
68962 , 248.728394 , 1146.42297
119033 , 244.101807 , 1126.81995
92250 , 252.503906 , 1146.10999
5597 , 247.745102 , 1127.33496
42918 , 255.626907 , 1133.35303
52886 , 249.292007 , 1139.95496
116072 , 244.363693 , 1142.604
55351 , 249.920807 , 1141.48401
73241 , 255.173294 , 1133.41003
80586 , 247.493607 , 1129.40601
114981 , 247.588303 , 1146.15198
46799 , 254.885193 , 1128.40698
108439 , 256.140198 , 1138.80005
75259 , 248.1064 , 1131.83496
88124 , 253.4729 , 1139.09204
92736 , 243.658295 , 1128.56104
