46398 , 248.415497 , 612.973083
16604 , 255.116699 , 610.023315
5747 , 252.972397 , 603.628906
78502 , 250.010605 , 621.501587
113782 , 242.8694 , 602.766418
67153 , 248.909103 , 618.524902
43587 , 243.253998 , 610.089294
31786 , 250.741501 , 618.375
114624 , 244.585403 , 619.361084
76648 , 254.301102 , 610.353821
45020 , 253.202499 , 612.530884
77728 , 253.576508 , 616.074829
65976 , 255.838898 , 619.00177
12356 , 248.328796 , 617.938171
57220 , 254.202393 , 609.084106
43069 , 245.713501 , 605.531494
