76548 , 263.319397 , 1122.198
70484 , 268.88269 , 1120.11694
108789 , 261.635193 , 1118.83801
77112 , 273.159485 , 1108.00098
105611 , 263.308594 , 1114.47595
29025 , 268.345215 , 1120.23804
92006 , 263.551605 , 1115.98999
111635 , 271.071014 , 1118.46204
17643 , 273.154694 , 1111.90698
66380 , 267.00119 , 1122.802
113111 , 266.881897 , 1109.01599
26460 , 268.535889 , 1107.03796
68791 , 262.236786 , 1104.078
13435 , 273.040314 , 1109.72302
114569 , 262.941589 , 1104.85205
19865 , 260.321991 , 1118.651
64714 , 269.448792 , 1106.797
