1237646791698154269 , 316.106201 , 1167.00195
1237646549573042470 , 307.373596 , 1132.11096
1237648674527380169 , 324.973297 , 1136.09595
1237646509297107473 , 326.647095 , 1165.23303
1237649742334656543 , 313.014801 , 1125.88098
1237646648360108339 , 326.207886 , 1134.71802
1237646796532285849 , 316.122314 , 1096.67102
1237649929170453058 , 334.798096 , 1166.38794
1237649742875264941 , 325.608002 , 1117.54602
1237648675035153256 , 318.378204 , 1175.41296
1237646750359618964 , 303.725098 , 1141.30896
1237649955482042947 , 319.448212 , 1129.97705
1237646707426723528 , 334.581696 , 1140.33105
1237648722304565738 , 326.865204 , 1116.82202
1237646647286235252 , 330.570587 , 1139.55005
1237648674503787132 , 300.367889 , 1116.72803
1237646510908375608 , 344.549805 , 1170.91895
1237649962994434710 , 310.023499 , 1099.65601
1237646791700711455 , 337.947815 , 1165.58105
1237650010775355433 , 326.767609 , 1134.87695
1237648704029262123 , 329.927185 , 1170.68896
1237648704571441795 , 341.118408 , 1118.46204
1237648674533606593 , 302.680115 , 1148.43298
1237648675038757586 , 307.296112 , 1164.02502
1237648703487475768 , 338.006805 , 1097.995
1237646586639287219 , 305.035004 , 1128.52197
1237649770252993183 , 333.309692 , 1137.51099
1237648675042689451 , 307.187897 , 1119.07703
1237646586638762227 , 329.980713 , 1175.85205
1237649909840282570 , 289.633698 , 1127.27002
1237649940440941564 , 297.694885 , 1171.75696
1237648673995621960 , 320.924591 , 1124.58704
1237649939908396386 , 319.007294 , 1099.41699
1237646708498958705 , 313.830597 , 1108.823
1237646585557091302 , 342.332794 , 1136.81604
1237646585549292227 , 308.753387 , 1159.86804
1237646793309949474 , 315.180206 , 1106.37195
1237646548513587848 , 328.104614 , 1115.16394
1237648722280646451 , 305.073486 , 1161.60803
1237646548500939478 , 332.655396 , 1139.26196
1237649768113439299 , 324.017487 , 1170.45801
1237650011306459538 , 332.808014 , 1103.44299
1237648720131130708 , 297.372894 , 1104.15503
1237650011318321401 , 312.836609 , 1154.34204
1237646792234175398 , 310.486206 , 1132.36499
1237648673970061771 , 303.622192 , 1145.41199
1237649910379578178 , 340.450012 , 1103.58105
1237646793841443766 , 296.246613 , 1145.146
1237648674515190745 , 330.416992 , 1100.474
1237650011306131875 , 345.020691 , 1105.43799
1237649910918021426 , 332.274811 , 1130.78101
1237649793872625806 , 344.739288 , 1129.11206
1237649955472998690 , 293.085114 , 1111.58203
1237648722849169724 , 331.088013 , 1151.573
1237646708498827640 , 324.614594 , 1123.82605
1237649769713959856 , 301.324707 , 1110.08704
1237649808368796583 , 343.051697 , 1103.17004
1237648705142392179 , 313.395111 , 1139.82996
1237646585544573303 , 329.725586 , 1169.92603
1237646586623885671 , 292.935486 , 1174.08203
1237648597188346486 , 340.420013 , 1112.13696
1237646750360076673 , 317.006287 , 1166.33997
1237648720129884985 , 335.185089 , 1145.23999
1237648675597582867 , 295.791595 , 1160.50305
1237649911447683453 , 326.500214 , 1170.23401
1237648673426243733 , 329.066406 , 1153.71899
1237648673450493258 , 327.949402 , 1133.73999
1237649912529027697 , 296.123108 , 1120.32898
1237650010238615818 , 289.598297 , 1173.16699
1237648675067462303 , 330.640594 , 1097.71704
1237649809450008946 , 295.870911 , 1167.94104
1237646795991614883 , 316.408112 , 1112.51599
1237648722322128916 , 340.197388 , 1131.15601
1237646708500334721 , 298.308197 , 1100.15796
1237648675588997505 , 334.766815 , 1140.09705
1237649768646509596 , 345.0177 , 1118.99402
1237646706880938232 , 319.4151 , 1124.35803
1237646645689712719 , 340.523804 , 1113.58997
1237649807830483789 , 297.709991 , 1132.505
1237648721786372712 , 336.600006 , 1118.29297
1237646793840329707 , 338.756897 , 1155.65198
1237649770795172278 , 304.350891 , 1150.40906
1237646706883756660 , 340.913391 , 1141.23401
1237649873869602906 , 339.824097 , 1117.44995
1237649769718351459 , 332.135498 , 1153.62598
1237646645669331308 , 338.596588 , 1115.28796
1237649794409103768 , 300.676788 , 1158.81104
1237649920040894586 , 323.708893 , 1101.45898
1237646793301820575 , 301.564911 , 1136.68103
1237648722838487450 , 305.734802 , 1146.79102
1237649962454810962 , 301.775604 , 1143.41895
1237646547437092920 , 302.918396 , 1134.96497
1237648705679591294 , 323.320099 , 1133.61804
1237648675606954035 , 318.292297 , 1097.96399
1237649928631550697 , 330.936401 , 1105.57996
1237650011312226635 , 344.5896 , 1116.85205
1237648704589070978 , 335.460602 , 1151.45605
1237646707428492402 , 294.456787 , 1104.71997
1237646798133985494 , 314.660187 , 1172.53796
1237648675597058080 , 323.894897 , 1158.33398
1237646798132085138 , 330.9552 , 1150.66699
1237649807832253315 , 317.469086 , 1146.95801
1237649769182725438 , 318.401398 , 1174.13196
1237649743946253582 , 305.167999 , 1102.59802
1237645877401748002 , 326.018402 , 1156.828
1237646645690434206 , 297.37381 , 1127.422
1237649770796482741 , 330.034698 , 1145.12903
1237645877409087811 , 320.260315 , 1138.58606
1237646646219178734 , 344.749207 , 1144.599
1237648722327568701 , 333.595703 , 1162.46899
1237649953327546374 , 300.838104 , 1106.26099
1237649825013694836 , 298.797791 , 1139.40796
1237648675587817918 , 308.829987 , 1174.02795
1237649826089010010 , 316.77771 , 1167.75
1237648722279728953 , 309.620697 , 1113.33105
1237649768112652606 , 290.693604 , 1140.271
1237649921120600291 , 312.575592 , 1122.48999
1237648722847728465 , 315.498291 , 1117.52197
1237649953336525485 , 317.399597 , 1108.18896
1237649942593732934 , 344.941895 , 1155.53894
1237646586622050449 , 341.354187 , 1151.49695
1237648672888389936 , 298.357086 , 1136.10095
1237648596652065663 , 321.348602 , 1100.78601
1237645877407449383 , 344.923889 , 1162.75195
1237649961924166031 , 300.185486 , 1144.11304
1237649927560429865 , 335.002808 , 1097.71301
1237649769716253884 , 297.308685 , 1151.776
1237646798672626969 , 336.773499 , 1175.54102
1237648705678345216 , 289.501495 , 1101.03101
1237646706327159136 , 293.608093 , 1109.42004
1237646706888803985 , 292.027191 , 1177.177
1237648722277892783 , 311.802002 , 1099.03894
1237649872262463833 , 289.700897 , 1131.09595
1237646748745925265 , 325.680695 , 1114.04797
1237646506079617529 , 321.457703 , 1128.33301
1237646797064044661 , 298.409088 , 1146.21802
1237648722329469814 , 317.257599 , 1163.70801
1237649865285697813 , 318.724792 , 1147.85999
1237649912523654051 , 291.768494 , 1124.05896
1237648720129754440 , 317.690704 , 1114.15002
1237649910384951710 , 312.700195 , 1145.86096
1237646549045543618 , 296.739594 , 1114.13098
1237648722321474092 , 299.86319 , 1099.31604
1237648597727052692 , 289.946503 , 1122.41101
1237649817493766204 , 300.810913 , 1174.30505
1237646552782733843 , 344.954987 , 1125.30701
1237646648355586350 , 339.315186 , 1164.03003
1237649806757462932 , 343.394501 , 1140.54004
1237649808379151047 , 303.658295 , 1095.89294
1237648673974125117 , 294.165588 , 1138.40698
1237649921117455140 , 328.919312 , 1122.47595
1237649911992026147 , 328.821991 , 1101.59094
1237646707964510807 , 303.567413 , 1130.44397
1237646546887966739 , 318.535889 , 1101.52795
1237646706354423683 , 290.110504 , 1127.21704
1237646647295738541 , 326.920197 , 1168.29102
1237649744486532934 , 331.207611 , 1142.68396
1237646647281451414 , 301.161499 , 1127.245
1237648674516042205 , 339.284088 , 1169.104
1237646707961038325 , 295.341095 , 1135.23499
1237649964066275731 , 311.718994 , 1106.60205
1237646749822681602 , 311.925201 , 1123.625
1237648722282545223 , 290.501892 , 1119.18506
1237648720135324331 , 330.516205 , 1169.922
1237649816420614422 , 317.475891 , 1123.19495
1237646749282993354 , 304.003693 , 1123.68701
1237650007010181591 , 336.411285 , 1096.09094
1237649963524751626 , 336.596008 , 1168.34302
1237646798672954681 , 304.144287 , 1154.13098
1237648704576356549 , 342.065796 , 1167.12195
1237649864204222761 , 327.182312 , 1105.47998
1237646588243411454 , 332.658905 , 1123.57397
1237648674526527516 , 304.249298 , 1152.81104
1237646707962088040 , 302.909088 , 1153.08606
1237646647282892813 , 324.474792 , 1138.78601
1237650013991272539 , 321.027008 , 1171.974
1237649963534647724 , 298.649506 , 1108.78101
1237650011318190379 , 340.177307 , 1118.98206
1237648675592012510 , 343.753601 , 1102.56702
1237649745016849262 , 308.012085 , 1130.67505
1237648722285297741 , 341.68161 , 1100.35095
1237646647831626529 , 319.159393 , 1151.27905
1237646707405488400 , 298.503113 , 1115.74597
1237646797600456810 , 342.278503 , 1166.01697
1237646794383622378 , 298.318604 , 1171.55701
1237649910383903304 , 328.054504 , 1116.73999
1237650013453943114 , 300.632904 , 1122.828
1237648705135378998 , 301.518402 , 1146.17102
1237646508760694971 , 320.2612 , 1125.25
1237646798676624380 , 295.337097 , 1159.91895
1237649811591529057 , 316.857697 , 1125.047
1237649742874675705 , 325.713013 , 1150.51794
1237648703517033144 , 317.013397 , 1107.87402
1237649807304097810 , 310.760712 , 1113.73901
1237648673452130614 , 320.876312 , 1169.09998
1237646548510507657 , 332.752289 , 1122.58398
1237649816423105088 , 290.803589 , 1112.41394
1237648722860179654 , 330.044189 , 1169.92798
1237646793838755930 , 329.025391 , 1119.61304
1237646552248289456 , 289.623199 , 1137.98706
1237649769179777108 , 336.31131 , 1153.39697
1237646587710014722 , 317.353485 , 1173.34595
1237648705667989838 , 325.593506 , 1134.46204
