1237649769721431038 , 300.172485 , 1338.94995
1237648705653113241 , 300.659393 , 1340.58496
1237646587171898927 , 320.526306 , 1370.67505
1237649808377709373 , 334.294098 , 1395.70496
1237648722295128826 , 333.868011 , 1345.21399
1237649964059983955 , 293.0271 , 1396.104
1237649911457382711 , 307.526703 , 1368.90405
1237650009708036237 , 344.331787 , 1400.41504
1237648705141212385 , 329.332611 , 1415.95105
1237646548496613754 , 335.959015 , 1368.82703
1237649807832319122 , 330.450592 , 1372.87097
1237646796527109283 , 294.006805 , 1379.84998
1237648722316624381 , 314.89209 , 1398.19397
1237649964072763925 , 342.918091 , 1399.10303
1237646794377004266 , 302.322998 , 1402.625
1237646794384607014 , 323.389008 , 1418.71594
1237648705113817851 , 289.863586 , 1353.427
1237649809445814758 , 329.68161 , 1382.23596
1237646587708113715 , 301.59549 , 1341.73804
1237648675033776150 , 295.76239 , 1385
1237649808915169563 , 292.031799 , 1339.23303
1237646587689828921 , 338.052399 , 1404.91394
1237646795995874272 , 293.031403 , 1353.20398
1237649928101233396 , 325.397491 , 1378.79102
1237646645666251440 , 312.927612 , 1348.07605
1237646646767977843 , 320.867798 , 1392.41699
1237648702981014065 , 342.123199 , 1344.30298
1237649910920184166 , 299.21991 , 1409.55505
1237646587708834813 , 300.511505 , 1346.61096
1237646510907654609 , 323.092285 , 1412.35901
1237649961920692674 , 330.38681 , 1355.25098
1237648675069035338 , 344.729187 , 1387.401
1237648674527707164 , 317.711609 , 1343.36206
1237646588241510950 , 297.815704 , 1353.72803
1237649769715794021 , 290.669189 , 1374.94495
1237649910372892773 , 340.367706 , 1410.39099
1237646587159445994 , 291.795593 , 1358.07996
1237648674507587948 , 327.933197 , 1346.62097
1237646793845441952 , 327.931885 , 1369.29102
1237646546880758068 , 328.050903 , 1373.40906
1237649939907412755 , 333.989105 , 1404.573
1237649909837529553 , 300.419006 , 1349.06897
1237646792768882065 , 303.410797 , 1420.11499
1237649910374269194 , 312.470795 , 1355.98096
1237646586616807787 , 296.868896 , 1412.02002
1237646587161411688 , 324.120209 , 1394.83203
1237648704606373239 , 341.469391 , 1361.64404
1237648704568164957 , 324.9729 , 1386.875
1237649953866777077 , 336.07959 , 1366.68103
1237646646231107204 , 330.055603 , 1379.90198
1237648704042893480 , 316.447906 , 1384.24805
1237646748742778921 , 344.870789 , 1413.86206
1237648722291589890 , 302.394012 , 1361.245
1237648703516312186 , 341.664398 , 1357.71301
1237646705814077644 , 308.325592 , 1365.87402
1237648703505826325 , 308.926392 , 1413.67505
1237648672899203497 , 303.086792 , 1402.96997
1237646546881085732 , 316.330994 , 1359.97705
1237646648369480259 , 345.524597 , 1369.50403
1237649816429002979 , 300.28891 , 1379.92798
1237649910374727718 , 337.844391 , 1404.50696
1237650005935980693 , 303.815186 , 1415.80896
1237646705817028275 , 298.138885 , 1350.59705
1237648703489770118 , 330.388885 , 1410.31897
1237646646763193354 , 333.571014 , 1379.46997
1237646547426673006 , 318.346497 , 1381.86902
1237646708500595190 , 311.864899 , 1341.14001
1237649963534778843 , 290.316711 , 1356.53503
1237649817499861546 , 299.259705 , 1382.01599
1237645877938094393 , 341.929596 , 1344.56104
1237648705667268648 , 321.718109 , 1388.34204
1237646794383818974 , 317.224792 , 1339.05603
1237648705132365000 , 305.479889 , 1379.03003
1237649768641988354 , 291.679108 , 1398.84204
1237646549566227049 , 312.813202 , 1348.323
1237646647833526845 , 318.152313 , 1411.44995
1237648702957813782 , 340.906708 , 1363.64697
1237646706340921862 , 310.207886 , 1395
1237648675570712943 , 327.151703 , 1385.52698
1237649910382854373 , 304.922485 , 1362.79797
1237646506080338379 , 314.268005 , 1402.63306
1237648722850415349 , 331.695007 , 1345.36096
1237649813202796658 , 301.968811 , 1340.84595
1237646707404767238 , 338.362793 , 1408.42102
1237649953336525055 , 311.72049 , 1347.56104
1237646645684208116 , 339.441406 , 1355.96204
1237649911988159070 , 315.228088 , 1374.05701
1237648596650427241 , 345.48819 , 1352.12402
1237646795990566356 , 313.1539 , 1411.505
1237649911446176705 , 316.888092 , 1366.83899
1237649768104919328 , 291.050507 , 1419.17004
1237648702991433792 , 331.778107 , 1408.59802
1237648705126662482 , 295.265503 , 1393.31494
1237646506082959660 , 289.430786 , 1395.04797
1237646574796079329 , 301.485413 , 1410.43103
1237646796525274003 , 319.985809 , 1380.11206
1237646791694878156 , 345.048004 , 1367.15906
1237650008633377028 , 332.190399 , 1367.62805
1237648703500779901 , 309.885803 , 1338.80603
1237649796022403624 , 305.170502 , 1358.81494
1237648675035349149 , 327.701385 , 1382.11902
1237646549050392615 , 304.680511 , 1412.99902
1237648704066946313 , 343.033112 , 1388.38098
1237646647832085056 , 302.911285 , 1350.62402
1237646707415712109 , 319.213898 , 1341.75903
1237646707428361138 , 311.132813 , 1358.54297
1237646705798086717 , 340.309113 , 1397.72302
1237648675060908441 , 342.230988 , 1350.39905
1237649963530125737 , 332.58429 , 1412.58398
1237646587679539471 , 342.088989 , 1343.17798
1237648675603874033 , 300.06369 , 1420.28198
1237646553856213121 , 324.091187 , 1392.896
1237646586094486693 , 317.04129 , 1396.56799
1237646648375444669 , 307.115509 , 1372.58496
1237649768639759296 , 342.471191 , 1416.28198
1237649910918480306 , 321.792694 , 1414.90002
1237649962999284563 , 342.523102 , 1375.82703
1237648704577273954 , 341.226898 , 1388.19202
1237650013989044601 , 298.303986 , 1347.73206
1237645879019831913 , 303.986694 , 1389.58899
1237649953866318373 , 322.773193 , 1365.59399
1237648704051413557 , 317.819 , 1389.27905
1237649928628797696 , 313.870911 , 1340.54895
1237646585537233186 , 325.9021 , 1357.56494
1237645877413740613 , 342.013794 , 1385.16699
1237648722859458842 , 339.421387 , 1399.37402
1237646546879971489 , 318.846588 , 1407.99695
1237649770791503095 , 299.930603 , 1392.20703
1237646546886131878 , 317.190887 , 1371.24805
1237646585539986259 , 295.154388 , 1359.68799
1237648704605389997 , 314.835785 , 1412.91797
1237646585561350536 , 306.435486 , 1380.25806
1237649795484287698 , 322.973602 , 1342.18005
1237649912522080846 , 312.61261 , 1340.02002
1237648705642037495 , 314.56781 , 1341.81396
1237648673978254219 , 317.521515 , 1355.76794
1237645877402927975 , 319.572388 , 1377.26697
1237649808905404781 , 317.777893 , 1353.59802
1237648673438958053 , 308.71521 , 1370.85999
1237648596652065665 , 330.771515 , 1386.76404
1237648722848186815 , 317.076508 , 1419.66003
1237648675071198307 , 314.856812 , 1387.33801
1237646794382246051 , 336.389313 , 1409.74194
1237648673460584571 , 336.859314 , 1366.69604
1237646574259601504 , 314.720612 , 1361.14099
1237649825011663286 , 307.679596 , 1366.27002
1237649912526799179 , 304.230713 , 1377.01196
1237649927557612298 , 305.631805 , 1379.58496
1237648673438302425 , 338.465698 , 1363.56494
1237648705120108786 , 328.888 , 1387.32605
1237648702990975039 , 328.338287 , 1396.29199
1237648672921420624 , 302.058289 , 1357.81702
1237646749819142215 , 322.019287 , 1347.26794
1237646575332033117 , 298.536194 , 1399.05896
1237649928632861388 , 337.425812 , 1384.18396
1237649768643297784 , 305.962494 , 1378.92896
1237649920038404199 , 320.798401 , 1364.71704
1237646549562491507 , 341.761597 , 1378.66895
1237648704593986757 , 327.629211 , 1363.43396
1237649927552827718 , 297.251007 , 1384.255
1237646553859621749 , 306.572998 , 1417.06396
1237649816422646304 , 289.406403 , 1403.52002
1237648703490097819 , 344.867188 , 1344.44299
1237646706353701466 , 341.531708 , 1374.06702
1237646587707655448 , 291.462799 , 1390.09302
1237646792235483281 , 289.211304 , 1405.39197
1237646586629259500 , 315.83371 , 1364.85205
1237646750895571919 , 300.930206 , 1369.30298
1237648673434042758 , 341.237091 , 1390.39697
1237646646757098305 , 316.46051 , 1347.88904
1237649817499140333 , 335.779205 , 1361.49597
1237648673428210364 , 320.262299 , 1374.94202
1237648722314396172 , 318.860199 , 1367.16296
1237649872795140347 , 308.967102 , 1405.16101
1237649745021109484 , 344.344604 , 1367.48999
1237646586094092943 , 321.515411 , 1367.89502
1237646798675445214 , 297.315186 , 1393.53003
1237646504473133455 , 335.021301 , 1406.49194
1237646792236138748 , 310.394104 , 1348.27905
1237648703524504676 , 312.406097 , 1344.76697
1237648722845762088 , 314.918213 , 1360.86096
1237648702995628659 , 314.513885 , 1374.36499
1237648672922076381 , 321.799103 , 1398.73804
1237646587177862132 , 297.992096 , 1379.66394
1237646549564457225 , 335.202911 , 1357.95801
1237648705655145135 , 307.943298 , 1400.58997
1237646645691613251 , 313.890686 , 1403.86096
1237648703532828559 , 340.821686 , 1344.67603
1237650010239533349 , 314.643494 , 1371.61401
1237649808909599612 , 308.982208 , 1373.41101
1237650009697485308 , 322.161194 , 1377.17896
1237646792773405971 , 290.135315 , 1406.78796
1237646547413500269 , 321.030487 , 1356.36401
1237646797600917064 , 289.991913 , 1413.57495
1237649825551549213 , 312.760498 , 1354.38306
1237648722816532546 , 331.222198 , 1378.76099
1237648722856838045 , 319.134003 , 1399.60498
1237646706331025659 , 324.700592 , 1383.94897
