11582 , 321.667206 , 1037.63
93971 , 313.784485 , 1031.46204
28406 , 323.180908 , 1040.24902
18944 , 319.106812 , 1029.73206
6825 , 323.183014 , 1046.08105
54361 , 322.151398 , 1030.20898
109575 , 321.771515 , 1041.875
41867 , 317.048492 , 1043.41296
18292 , 318.700897 , 1049.771
104423 , 315.948792 , 1041.13403
25682 , 322.858704 , 1031.75098
48186 , 313.159912 , 1036.26404
19008 , 310.317413 , 1046.60706
45282 , 321.420502 , 1049.55701
1428 , 322.792389 , 1032.22803
4226 , 313.709198 , 1031.48901
87097 , 321.209808 , 1048.85596
108997 , 310.277191 , 1040.23401
33280 , 320.72699 , 1047.28894
118927 , 314.906891 , 1030.50903
