57108 , 319.746094 , 1187.75806
47541 , 323.213287 , 1180.88
75165 , 323.295288 , 1192.10303
367 , 319.858704 , 1190.43005
84538 , 323.973602 , 1189.61499
17548 , 317.894897 , 1191.82202
77733 , 324.184692 , 1191.98999
84587 , 317.101013 , 1181.349
60425 , 316.773712 , 1180.52698
55374 , 322.455811 , 1193.30603
48872 , 321.285889 , 1180.78406
118465 , 312.258087 , 1189.26904
64784 , 318.378204 , 1175.41296
62908 , 315.542786 , 1182.271
30647 , 314.786499 , 1193.19702
36265 , 319.050415 , 1189.06104
73897 , 318.392792 , 1189.03894
112345 , 311.458893 , 1191.63306
72511 , 318.291595 , 1188.06897
9831 , 311.354401 , 1177.71106
86582 , 318.415588 , 1187.40796
