35492 , 310.947906 , 613.396423
37015 , 320.570801 , 620.581421
95161 , 323.363312 , 606.004578
93395 , 324.273102 , 607.117188
72529 , 321.735687 , 606.010071
84571 , 320.394592 , 610.567688
100835 , 314.648712 , 614.488525
25261 , 318.777496 , 618.268799
101848 , 319.052612 , 620.967529
4125 , 312.480194 , 605.422485
28579 , 323.689911 , 611.623474
115822 , 324.201294 , 616.705017
116807 , 315.491699 , 616.023315
29237 , 318.329407 , 621.439026
53704 , 317.468689 , 621.125671
31296 , 323.834015 , 621.76709
80930 , 323.151215 , 621.841187
12280 , 323.034912 , 602.328186
38438 , 323.494293 , 618.975586
41074 , 320.974915 , 609.904297
99978 , 312.854187 , 609.564697
