49370 , 348.321899 , 1574.19604
65147 , 352.800201 , 1574.58398
17648 , 346.210297 , 1575.72998
110602 , 354.373505 , 1578.19897
25925 , 351.902191 , 1580.23901
10799 , 353.548492 , 1566.38794
10996 , 344.960297 , 1580.59802
74130 , 356.246887 , 1565.15198
41498 , 351.991791 , 1577.64001
41893 , 345.081787 , 1572.20996
73872 , 350.015015 , 1578.80896
118281 , 356.09549 , 1581.09204
35570 , 348.492889 , 1583.16199
109287 , 343.765594 , 1565.76099
31040 , 345.306 , 1579.46997
59928 , 353.458405 , 1576.14099
96610 , 347.077698 , 1580.24402
119689 , 347.552887 , 1580.99402
