85347 , 356.82019 , 384.25
103674 , 351.093994 , 374.822296
11895 , 351.542297 , 377.894104
111711 , 344.866211 , 385.329193
24554 , 356.380188 , 375.668213
70739 , 347.739685 , 378.958801
90361 , 354.793915 , 366.371094
57191 , 353.8526 , 369.6828
86116 , 348.124603 , 370.455688
74040 , 345.697693 , 370.7771
39637 , 357.120605 , 385.827606
53202 , 355.751099 , 380.781494
109564 , 346.053894 , 368.830414
114020 , 347.243805 , 375.608795
109469 , 345.053986 , 366.929199
116006 , 348.335693 , 386.610992
9293 , 350.233795 , 373.927399
