50833 , 344.360413 , 892.77887
25884 , 343.640594 , 899.381897
68652 , 351.348297 , 886.749878
103528 , 350.430115 , 900.321899
16464 , 343.924194 , 899.679382
95244 , 351.423798 , 889.977112
87888 , 349.653412 , 897.909973
42633 , 348.456696 , 896.120422
71888 , 348.370514 , 895.200195
101546 , 352.8815 , 903.838928
18333 , 353.286194 , 899.677795
99241 , 343.472412 , 903.569397
19721 , 356.695007 , 898.25061
34094 , 346.778687 , 902.894226
41409 , 345.394897 , 895.158997
89073 , 357.095886 , 893.692017
13281 , 349.6987 , 897.418213
