74492 , 352.082214 , 805.21167
41917 , 346.421295 , 797.291016
47573 , 349.42691 , 794.354187
38258 , 347.108887 , 805.171997
94221 , 344.204315 , 797.565613
119498 , 343.627594 , 801.946594
11840 , 348.958008 , 808.193726
91748 , 350.322113 , 809.525513
7648 , 344.820709 , 809.297791
61518 , 354.464813 , 809.844116
1359 , 351.228912 , 800.898315
17485 , 353.644196 , 803.554077
10542 , 353.155212 , 808.550476
96935 , 356.780396 , 812.441528
101833 , 350.230011 , 797.854004
29312 , 345.586609 , 812.427795
1608 , 352.907013 , 794.52533
51698 , 345.275085 , 800.626526
