42269 , 346.561798 , 1277.68799
74684 , 343.591614 , 1282.20801
43974 , 353.130188 , 1284.10498
60590 , 344.367798 , 1283.349
83418 , 357.253815 , 1271.67004
17451 , 352.876007 , 1284.05603
105375 , 347.505615 , 1287.86304
66148 , 343.882202 , 1275.13
39831 , 347.781189 , 1288.20203
28497 , 349.178986 , 1283.82703
69250 , 345.950989 , 1291.422
81671 , 348.527588 , 1286.85901
74816 , 357.370514 , 1291.46802
41015 , 355.167603 , 1289.77502
95727 , 344.788788 , 1283.74695
43654 , 352.204895 , 1280.75806
