40844 , 360.581604 , 1643.76294
1296 , 364.658295 , 1642.58496
10503 , 363.186188 , 1640.73401
30480 , 364.151001 , 1641.75598
24262 , 370.834808 , 1644.00403
74030 , 360.627594 , 1650.797
54928 , 372.705994 , 1646.00195
49303 , 360.749115 , 1645.99194
113025 , 360.860107 , 1639.35498
100677 , 365.023285 , 1651.37
106443 , 362.855713 , 1657.67603
98082 , 370.995087 , 1639.37903
4365 , 372.502014 , 1654.75403
22801 , 370.165009 , 1656.10999
56815 , 361.361511 , 1647.78003
41425 , 374.571411 , 1655.78601
29747 , 369.404205 , 1656.75195
