76081 , 386.784607 , 1325.37598
106563 , 390.120087 , 1332.72998
64961 , 389.877411 , 1329.21997
43425 , 385.597198 , 1332.38696
49074 , 387.181 , 1335.16699
81910 , 382.441803 , 1337.177
114719 , 387.09259 , 1326.36401
48465 , 381.148987 , 1328.06897
112801 , 381.156311 , 1338.13306
67912 , 380.736115 , 1321.26404
58089 , 387.437988 , 1332.06104
67421 , 388.534485 , 1321.078
58704 , 387.816803 , 1330.99194
46644 , 389.877197 , 1325.78796
7310 , 385.267395 , 1336.93701
91901 , 382.260498 , 1328.54602
89621 , 378.560608 , 1321.44397
35297 , 381.85791 , 1319.61401
44556 , 381.27771 , 1321.172
