111304 , 423.175812 , 1971.26697
77894 , 422.850494 , 1966.67603
15708 , 414.557098 , 1961.72095
97159 , 421.084198 , 1967.70703
112337 , 411.552094 , 1964.84497
68895 , 413.576691 , 1975.07605
110884 , 415.315308 , 1959.99194
63085 , 411.300903 , 1959.823
107727 , 422.311615 , 1958.78503
35075 , 412.117615 , 1970.32605
60458 , 419.952515 , 1974.59302
66020 , 420.308289 , 1973.77502
65347 , 418.401611 , 1973.30798
31198 , 421.141296 , 1959.15002
1228 , 421.543091 , 1975.13794
10916 , 419.530792 , 1963.50696
38565 , 411.131714 , 1968.96399
