14423 , 416.279297 , 1146.37903
44808 , 425.10791 , 1144.02795
66993 , 417.821106 , 1136.92798
10598 , 419.927185 , 1142.17505
1042 , 424.440704 , 1133.87402
19564 , 415.53009 , 1145.94202
39338 , 420.347504 , 1128.70703
76927 , 420.994995 , 1137.63501
100093 , 413.302704 , 1144.95605
35806 , 411.16449 , 1135.98096
1850 , 411.848511 , 1132.26001
32003 , 419.383301 , 1144.98206
106442 , 419.749908 , 1126.86304
22558 , 413.752411 , 1129.66602
98354 , 411.837402 , 1126.04797
94043 , 414.904785 , 1143.74402
87368 , 411.95871 , 1130.79297
