9234 , 417.398285 , 1095.04395
5760 , 420.127686 , 1080.44397
90148 , 412.407715 , 1080.625
52340 , 415.563599 , 1079.95496
117496 , 422.278015 , 1083.00598
68991 , 417.766602 , 1085.58105
13909 , 421.847687 , 1093.79102
92430 , 422.533508 , 1082.75696
16176 , 411.464813 , 1096.40503
63544 , 423.487091 , 1097.75598
48790 , 422.774811 , 1084.19897
62349 , 421.633392 , 1084.40906
10707 , 417.290009 , 1088.69299
18783 , 420.772888 , 1085.03198
12873 , 424.552612 , 1085.59705
37297 , 421.861511 , 1088.80798
48270 , 419.90329 , 1087.85999
