26561 , 414.780914 , 1335.44702
111196 , 420.570892 , 1329.02405
29385 , 420.046692 , 1330.73901
59739 , 422.29361 , 1320.57996
111469 , 411.627197 , 1322.46594
115251 , 413.116913 , 1321.021
89663 , 418.044006 , 1324.28101
16962 , 424.681 , 1323.13904
13268 , 412.869385 , 1335.36804
94089 , 421.596191 , 1327.46997
117626 , 415.70459 , 1329.32996
77530 , 415.942993 , 1337.99304
90016 , 419.767487 , 1320.89502
78327 , 421.662811 , 1333.39905
79904 , 414.719391 , 1332.45996
72753 , 415.577515 , 1338.94897
82875 , 424.998688 , 1333.43896
