90612 , 420.984894 , 518.179382
96481 , 414.640106 , 511.888214
103384 , 414.20871 , 523.807129
114236 , 414.348297 , 523.756714
112299 , 418.285797 , 523.298584
105681 , 422.610687 , 516.842712
38947 , 412.00119 , 523.965271
16635 , 419.536987 , 523.092407
102575 , 419.906097 , 511.982513
89516 , 414.413391 , 513.17157
82142 , 417.493011 , 520.214111
20058 , 420.755798 , 509.818207
7413 , 418.837585 , 525.882629
111340 , 423.723785 , 520.875427
18175 , 414.391296 , 513.405029
92356 , 422.845001 , 507.542206
