48088 , 439.499512 , 865.741577
89303 , 435.245087 , 878.682983
60673 , 429.504303 , 878.884216
116336 , 436.398895 , 867.13562
64488 , 438.937012 , 876.242798
70743 , 431.139191 , 865.934326
10381 , 433.764496 , 876.030273
74476 , 439.645691 , 869.64093
1349 , 431.480103 , 866.191284
103784 , 434.132385 , 874.657715
72584 , 436.187012 , 870.486389
106536 , 442.009796 , 882.20343
49030 , 436.775909 , 864.178772
79014 , 439.34491 , 872.793823
88236 , 432.645996 , 867.49408
118601 , 431.147888 , 883.421326
35794 , 436.05661 , 874.10968
