107119 , 429.177094 , 401.148987
34501 , 431.863007 , 396.299896
14109 , 428.617615 , 394.974792
65614 , 436.4216 , 398.491394
84341 , 440.187714 , 389.841705
94722 , 439.175812 , 401.2164
28315 , 432.944 , 406.146301
71457 , 436.509613 , 395.036896
78270 , 433.743805 , 401.783386
22494 , 433.162903 , 400.88559
58635 , 435.007111 , 405.797211
56387 , 433.421204 , 389.755096
740 , 431.390594 , 406.127991
74574 , 434.019409 , 409.422607
93866 , 433.166412 , 403.472504
27297 , 437.51001 , 389.801605
