26199 , 448.837189 , 420.022888
116919 , 454.45929 , 433.723114
60009 , 447.367493 , 427.536102
49948 , 451.898102 , 415.384186
12652 , 450.248291 , 420.038788
99874 , 453.416595 , 425.131195
104387 , 455.575714 , 429.852386
62079 , 457.053009 , 430.103302
56770 , 449.860687 , 427.851593
85364 , 456.629791 , 430.015289
107279 , 445.904388 , 425.422607
89110 , 452.249115 , 417.912109
119713 , 453.5224 , 430.810089
32333 , 454.804199 , 430.615295
19385 , 449.618103 , 427.443787
64690 , 446.594604 , 414.649689
