50066 , 456.684601 , 1333.66699
63716 , 458.649811 , 1328.505
608 , 445.608612 , 1320.60901
106573 , 454.413391 , 1330.771
35651 , 445.574799 , 1338.92297
49106 , 445.959503 , 1332.37
9480 , 452.580902 , 1323.46301
91659 , 452.312988 , 1335.86499
68819 , 457.4841 , 1336.37903
53506 , 451.498413 , 1330.45801
19736 , 448.745087 , 1329.29395
81260 , 453.247986 , 1320.57703
117059 , 459.068604 , 1327.33997
47563 , 455.462402 , 1333.84802
36201 , 453.615601 , 1329.92798
113534 , 457.751404 , 1338.60706
