65328 , 445.755707 , 948.973328
62010 , 451.029694 , 935.555725
28593 , 456.639404 , 937.304871
87664 , 446.613403 , 950.359314
12892 , 450.471191 , 952.695801
106003 , 456.660309 , 943.970581
54015 , 449.242096 , 943.794617
17515 , 454.664612 , 953.152222
35135 , 446.622711 , 942.048218
85559 , 458.286896 , 950.374023
78238 , 454.44519 , 943.659729
42461 , 455.107788 , 953.300476
18217 , 452.07019 , 942.670105
12112 , 449.850006 , 953.759888
16088 , 445.60849 , 948.538086
82150 , 458.09201 , 946.478577
52998 , 451.571198 , 947.837219
80778 , 452.855804 , 946.036621
110435 , 454.669312 , 941.103516
