46586 , 450.733185 , 1224.80701
46023 , 456.333099 , 1238.74304
32422 , 452.369293 , 1235.08398
7882 , 452.126892 , 1235.63403
98965 , 452.340302 , 1237.66895
36798 , 451.341492 , 1235.922
18727 , 453.770691 , 1235.953
46585 , 458.074005 , 1233.11804
48268 , 451.815887 , 1233.32996
116952 , 448.092987 , 1240.354
94800 , 447.030487 , 1223.84998
34646 , 448.697296 , 1235.59497
25024 , 455.134613 , 1235.44397
62537 , 457.6297 , 1223.11206
118680 , 446.331787 , 1242.00903
62708 , 446.188293 , 1236.59497
30652 , 446.197388 , 1236
22050 , 454.040985 , 1234.56201
62480 , 448.598907 , 1225.31604
