53753 , 480.840393 , 1436.49402
23886 , 481.506104 , 1421.89099
73935 , 487.089691 , 1427.68799
95605 , 490.452789 , 1433.31299
46666 , 491.48999 , 1433.22095
33944 , 487.463196 , 1420.88696
83526 , 491.566406 , 1427.39294
17012 , 492.049713 , 1435.90503
49994 , 479.245209 , 1431.71204
76851 , 478.778015 , 1432.78198
95257 , 486.379913 , 1433.94104
45563 , 488.842712 , 1435.229
67609 , 480.922211 , 1428.51501
66692 , 486.066589 , 1426.07898
87085 , 492.381805 , 1432.33398
62596 , 483.674713 , 1423.13306
41093 , 481.988586 , 1431.57605
