1237646585557352516 , 502.463287 , 674.858826
1237649770258891377 , 482.963013 , 677.914124
1237648672922535619 , 488.016815 , 667.43512
1237648675576348981 , 486.6185 , 647.687683
1237648675597320462 , 497.957092 , 626.701294
1237646748747105084 , 513.137329 , 665.737793
1237646706350753535 , 502.170288 , 650.450317
1237646549587657251 , 487.887207 , 686.785278
1237645877399912839 , 476.134888 , 647.562622
1237648672911000439 , 489.621613 , 654.168823
1237646506083287238 , 480.527313 , 669.790588
1237649910915006872 , 493.630188 , 651.58783
1237648722281825281 , 481.332794 , 638.452087
1237646586080134117 , 466.509796 , 632.927185
1237646586097304005 , 483.24469 , 637.696472
1237646646763389854 , 479.668793 , 692.588318
1237646792773406388 , 478.325012 , 632.193787
1237649918973051399 , 477.507385 , 629.075989
1237646645687092132 , 479.546204 , 640.262817
1237649742872314212 , 486.731293 , 645.133423
1237649918972723892 , 507.745392 , 664.605713
1237648704043876965 , 457.324188 , 695.226685
1237648722324816562 , 479.203094 , 698.284607
1237646508759777854 , 478.577087 , 641.485901
1237648721788272867 , 494.636505 , 696.87262
1237648675598041164 , 464.719086 , 627.34668
1237648704600409701 , 488.035004 , 644.731323
1237649808917987597 , 472.270386 , 658.758423
1237648705661174313 , 477.694489 , 668.79071
1237646707417547603 , 502.726288 , 655.247925
1237648675058156070 , 458.332611 , 627.478577
1237649809441489401 , 492.887909 , 675.98468
1237649909849915840 , 486.372589 , 632.906128
1237649961915449696 , 500.006287 , 669.258911
1237646587173667690 , 465.669006 , 654.146973
1237646705808245382 , 487.669006 , 669.515015
1237646791698287168 , 491.280914 , 623.946716
1237646646740583284 , 465.789215 , 649.713379
1237646646741238715 , 501.530609 , 641.786316
1237649928094679409 , 504.427704 , 686.93988
1237648705137018391 , 470.779907 , 693.352478
1237646546905202852 , 469.522491 , 682.128418
1237650005935653723 , 492.830811 , 687.876526
1237646648373674120 , 495.209412 , 651.97229
1237646587156889633 , 484.002502 , 699.353882
1237646647810130266 , 495.858307 , 628.098511
1237646647829136102 , 488.161102 , 638.159424
1237646587161083946 , 466.053589 , 675.241821
1237646647273128389 , 482.684601 , 618.765625
1237646587693629715 , 492.558289 , 655.508911
1237648722307121661 , 484.379089 , 680.762512
1237648722324620262 , 492.871185 , 664.518616
1237646585544770038 , 483.770294 , 625.527588
1237649770252600774 , 502.333313 , 678.986816
1237646548499955841 , 492.235199 , 671.089722
1237646586103662957 , 486.974792 , 628.781311
1237646586631684858 , 474.460785 , 653.550781
1237646648371380894 , 461.066498 , 661.098389
1237646794382444547 , 480.525513 , 619.879028
1237646648371249232 , 459.490112 , 631.890015
1237649769176499708 , 472.177094 , 622.832275
1237646548496089970 , 512.361328 , 690.265686
1237649963535172541 , 476.539001 , 643.321289
1237649745020977552 , 473.213806 , 696.918518
1237650010238419194 , 498.546387 , 636.023621
1237646706353964456 , 459.272614 , 697.943298
1237648722280580510 , 504.798004 , 628.506775
1237649911993336413 , 500.813202 , 672.9505
1237646549040824351 , 500.928711 , 633.403625
1237646795989778610 , 466.971588 , 695.338318
1237646509300514915 , 483.775085 , 664.684509
1237646706346165067 , 510.154907 , 686.763
1237648703530206896 , 500.281586 , 695.596924
1237649806756610534 , 480.975311 , 685.524475
1237646750896554107 , 496.258514 , 690.405029
1237646645687616207 , 465.742004 , 685.521179
1237646587705099186 , 473.601715 , 649.088501
1237646792233320519 , 460.120209 , 634.25
1237648722820269031 , 504.380493 , 623.776611
1237649939910034055 , 500.959595 , 646.142822
1237648675586703510 , 505.294891 , 620.812378
1237646793307983527 , 459.801788 , 636.999207
1237645879026778119 , 475.79129 , 685.600403
1237649864207041130 , 476.587311 , 654.627014
1237649920577438057 , 497.118988 , 657.405029
1237646647304061413 , 510.587585 , 659.687073
1237648673447870671 , 485.336212 , 676.30957
1237646706867372295 , 485.339996 , 647.276917
1237650009701875846 , 501.516815 , 622.166809
1237649768645264603 , 511.475494 , 622.368286
1237648722293293087 , 468.957794 , 650.817871
1237645877399912477 , 487.108185 , 691.080505
1237648674515583603 , 481.510986 , 624.17511
1237648704598180994 , 484.07901 , 669.943298
1237646750899701461 , 512.814575 , 675.161194
1237646798678590526 , 496.717987 , 677.101013
1237648702995957933 , 487.031311 , 693.000488
1237646797604586292 , 465.863892 , 655.402222
1237649962987028671 , 504.256714 , 646.395081
1237649769719333872 , 457.917206 , 670.5802
1237646549566423600 , 497.934204 , 669.940979
1237646793304375816 , 468.008514 , 676.973389
1237646553857261871 , 498.038605 , 625.3479
1237648673424212417 , 488.510406 , 684.815918
1237648705661633123 , 465.055786 , 653.052002
1237648705130987577 , 458.102905 , 646.722229
1237649929172746873 , 497.214905 , 697.84198
1237646586084131252 , 488.256287 , 696.068298
1237648704047612977 , 486.240601 , 626.842773
1237646797599212526 , 468.874695 , 678.326416
1237646587177927970 , 479.923492 , 651.983887
1237646794379757999 , 511.342896 , 690.653015
1237648703511330853 , 501.85849 , 637.902222
1237648722819678286 , 464.943207 , 641.57373
1237646797597902950 , 502.491608 , 656.977173
1237648722861884407 , 503.351807 , 640.160889
1237650008622498346 , 501.290894 , 679.336792
1237646797596789839 , 477.290405 , 685.756775
1237648672919258206 , 506.859589 , 637.323975
1237646797602488494 , 479.318207 , 688.882324
1237649910910222996 , 482.059998 , 650.638428
1237646587166983331 , 474.813995 , 635.655396
1237646549567930719 , 503.47641 , 621.338806
1237646586080920372 , 462.015198 , 640.849792
1237648595576160849 , 470.740814 , 623.306885
1237648673445184290 , 475.649902 , 686.359924
1237645877424555024 , 510.658905 , 620.090271
1237646792228995909 , 472.539093 , 637.81427
1237648705638236469 , 479.571686 , 696.41748
1237646750892752962 , 499.903687 , 688.918823
1237646548509393042 , 469.023895 , 637.777283
1237646506614325739 , 469.600891 , 676.830322
1237649929166389846 , 513.192871 , 664.958313
1237649744485877289 , 490.982788 , 652.59668
1237649807836316196 , 491.488098 , 654.319092
1237648675071329400 , 479.174103 , 634.888123
1237648675607937603 , 470.782013 , 619.870789
1237646706343412245 , 486.631409 , 646.299011
1237646706331156821 , 459.474487 , 649.666382
1237646586082624277 , 504.688202 , 695.561707
1237649873334960602 , 459.41449 , 622.30481
1237646552785684483 , 479.437988 , 637.535706
1237646588242559743 , 501.89679 , 624.041504
1237646648345559072 , 475.588593 , 632.522522
1237648720132899769 , 473.674286 , 633.710022
1237646797598098800 , 497.710602 , 622.091003
1237646648378196321 , 493.048615 , 683.353699
1237649918972592592 , 457.229095 , 680.830688
1237649769720120157 , 508.304596 , 623.715576
1237648673976484295 , 477.473785 , 619.946472
1237646648374984903 , 505.527405 , 618.81073
1237649918425956964 , 473.058411 , 649.370728
1237649812128006407 , 498.675201 , 621.459595
1237646798681801313 , 506.090515 , 659.475586
1237650014528471358 , 511.042999 , 660.393005
1237650013455450528 , 463.947693 , 618.739319
1237649962997973484 , 475.8414 , 623.237305
1237649954402795811 , 469.161591 , 652.94458
1237646648372953666 , 480.003204 , 687.698975
1237646588221456973 , 504.634888 , 653.120422
1237649812125646945 , 499.933807 , 645.898621
1237646706874319460 , 472.48941 , 619.742188
1237649807303114873 , 499.584503 , 641.694885
1237649806758707293 , 467.388611 , 645.321289
1237646547441746691 , 484.416199 , 650.291626
1237648722843599698 , 497.85611 , 666.37677
1237648704583893269 , 463.396515 , 684.484375
1237649770790126267 , 472.422394 , 625.857605
1237648722312889198 , 481.219696 , 694.146423
1237649743412136147 , 499.823303 , 638.279785
1237649796021682516 , 460.151611 , 672.272522
1237648673967637023 , 510.047485 , 669.526489
1237646706331746737 , 503.542206 , 644.685913
1237649964066996592 , 509.112305 , 648.48053
1237648705102020957 , 485.652588 , 620.713379
1237646547957842061 , 494.307587 , 698.174927
1237646748746580701 , 490.834686 , 681.674072
1237646792769536247 , 459.970612 , 657.919678
1237649962457301640 , 476.272491 , 662.617004
1237648722324291939 , 476.855713 , 665.213074
1237646587173012536 , 475.025208 , 631.053223
1237646705811849448 , 460.943512 , 646.433228
1237646549577105595 , 497.809692 , 670.238525
1237646647841391049 , 464.180389 , 664.986816
1237646707963265810 , 484.799805 , 654.3479
1237648705131906464 , 500.895386 , 684.191101
1237646647830774058 , 507.478607 , 645.188416
1237646792232862767 , 503.690094 , 621.939087
1237646587167310629 , 496.400787 , 661.35968
1237648674502017210 , 465.068695 , 698.034729
1237646792771831201 , 485.857788 , 699.204285
1237646646748053857 , 461.532013 , 640.885681
1237646645676540278 , 460.052399 , 673.871521
1237649769721103841 , 513.373718 , 696.898682
1237646588243936502 , 459.818298 , 631.256897
1237648674506146269 , 491.90741 , 623.288086
1237646797599867591 , 486.179199 , 687.427185
1237648675061366998 , 471.263214 , 659.726807
1237646791692910859 , 504.304291 , 688.0672
