107514 , 491.087402 , 465.937012
44216 , 492.023407 , 467.199402
109124 , 481.853302 , 478.170685
95121 , 483.097504 , 477.733704
17618 , 491.187805 , 478.951691
4733 , 481.010803 , 469.2771
71169 , 491.772003 , 481.402496
43862 , 482.968994 , 462.324188
20937 , 491.803101 , 477.084686
105642 , 492.299591 , 479.146912
23776 , 482.592987 , 481.852905
22746 , 483.192108 , 473.327698
19158 , 480.586609 , 472.79071
55177 , 482.453491 , 469.042694
68320 , 490.143188 , 475.925903
18911 , 484.243286 , 462.716888
