1237646508758335882 , 513.54187 , 438.596893
1237646791689700181 , 464.970703 , 402.349304
1237648704580747829 , 458.453308 , 439.80899
1237646706889130255 , 484.110199 , 403.267609
1237646797067387280 , 467.292206 , 384.804413
1237649962988994844 , 487.825012 , 432.188385
1237646797067321975 , 481.420013 , 457.818512
1237648702992942134 , 501.683502 , 433.101105
1237646707405947218 , 494.133911 , 457.008606
1237649910911009454 , 472.361511 , 452.193298
1237646508227101306 , 501.416199 , 462.101196
1237646586096911156 , 502.415802 , 392.230591
1237646751435456732 , 512.35498 , 453.271515
1237649745023993036 , 475.198212 , 434.213989
1237646549026865556 , 465.847412 , 400.876099
1237648704570327730 , 478.375397 , 426.172211
1237646587171505262 , 482.922699 , 450.370392
1237646549041348722 , 508.072388 , 458.269287
1237649912532894201 , 507.098114 , 399.366699
1237648722835341776 , 496.718903 , 418.874115
1237645877429338594 , 511.451508 , 406.358398
1237649873874059476 , 513.156982 , 415.287292
1237649768104002274 , 501.450287 , 432.976715
1237648705670873680 , 474.955902 , 426.490601
1237649743948809488 , 461.915985 , 406.137299
1237645877942157855 , 487.523895 , 437.123688
1237648675608528580 , 511.28241 , 438.365387
1237649768112980570 , 496.433594 , 420.886505
1237649769716844166 , 460.568512 , 428.07431
1237648702982521883 , 468.297913 , 452.2388
1237648703522014074 , 512.794006 , 444.940491
1237646585554338586 , 461.985809 , 412.574585
1237649953872413059 , 467.539215 , 390.242706
1237649808379609768 , 502.602203 , 415.280212
1237649953864680065 , 458.101288 , 439.203491
1237649808370630872 , 500.894714 , 399.312103
1237648596114145918 , 478.356201 , 438.204315
1237646795990762109 , 486.778595 , 455.850586
1237648722819678973 , 477.552399 , 449.574707
1237646794384671338 , 509.611511 , 413.184387
1237649911456989286 , 462.655212 , 456.645996
1237649919510053479 , 458.691986 , 444.295288
1237648704045842702 , 484.865692 , 445.470398
1237649920047579525 , 506.428497 , 404.937988
1237649769186853195 , 506.696198 , 459.037689
1237649742869824543 , 475.743103 , 455.851593
1237646586616807860 , 492.765289 , 414.148987
1237646546887705076 , 477.951904 , 414.578186
1237646587706541358 , 461.967194 , 438.520386
1237649871719432771 , 479.476288 , 386.047394
1237646587158462977 , 512.311707 , 459.111694
1237646796525733334 , 461.541809 , 385.924011
1237649929165472022 , 509.503113 , 415.214813
1237646798676099572 , 512.079285 , 403.412811
1237648705141080214 , 471.228394 , 417.827087
1237646798131826645 , 469.475891 , 402.957306
1237649911461445717 , 468.076904 , 414.212799
1237646792774324239 , 468.300812 , 399.084503
1237646792234567031 , 506.35611 , 398.115692
1237648675071394013 , 461.529999 , 454.027313
1237649962451271981 , 493.236603 , 393.714691
1237648704054690865 , 496.027405 , 396.744202
1237649742874609671 , 509.608704 , 423.366913
1237646793848000217 , 491.002686 , 406.582489
1237650011304558616 , 486.131714 , 397.160706
1237648705116307985 , 512.95752 , 454.529297
1237646796523767689 , 477.468903 , 397.12439
1237648722821579715 , 467.489594 , 441.102386
1237646705812897934 , 489.652191 , 403.561188
1237649928628273164 , 508.490601 , 389.955597
1237646749813571794 , 481.331909 , 414.883514
1237648720129754883 , 473.667114 , 452.924011
1237646794385002239 , 508.094788 , 420.995697
1237649961918202237 , 487.267914 , 435.302887
1237648722301158095 , 480.088409 , 436.903412
1237646587690942707 , 491.262512 , 432.1362
1237650008625643865 , 507.928497 , 432.05011
1237646548503167303 , 490.651886 , 427.785889
1237649954407318161 , 508.441803 , 446.17569
1237646646745104760 , 488.652893 , 439.108185
1237649825553318160 , 501.610199 , 426.909485
1237648705677296585 , 500.731201 , 419.330902
1237649871182103075 , 487.692291 , 419.484497
1237648720130540323 , 501.013885 , 444.30069
1237648675573858777 , 499.5112 , 445.557495
1237648722865619064 , 503.357208 , 437.997406
1237646705812504640 , 485.458191 , 427.151794
1237646798134904439 , 493.95401 , 418.062012
1237649769719661441 , 509.458588 , 399.156403
1237649826625815254 , 509.2883 , 419.362396
1237649865277243857 , 490.673889 , 407.234711
1237648704025592208 , 486.156891 , 389.218109
1237648704037257606 , 457.486389 , 391.38681
1237646587172814952 , 480.176208 , 436.35849
1237650014530568575 , 463.377106 , 451.921509
1237646707407519920 , 493.914215 , 407.73819
1237645877943992675 , 475.147003 , 415.163208
1237649928101102055 , 477.666687 , 390.148102
1237646587686814155 , 496.598206 , 398.477295
1237649942589277269 , 461.562408 , 405.70929
1237646791698549791 , 506.887085 , 432.947693
1237646505001877860 , 477.735687 , 400.303711
1237646708494172368 , 496.414703 , 429.001892
1237646548514768090 , 489.554199 , 392.681091
1237646751425168188 , 507.117615 , 399.434814
1237646510911062037 , 471.510712 , 439.956512
1237649742875199993 , 475.5 , 393.215088
1237646792236863089 , 511.585114 , 398.791687
1237649909837398704 , 489.173309 , 399.084686
1237649768641397817 , 510.708191 , 408.409607
1237649962451010043 , 499.311005 , 438.424988
1237648722297618492 , 493.9617 , 452.461487
1237648704584024542 , 480.42099 , 432.2836
1237648705673625863 , 473.122406 , 430.903107
1237646509297697340 , 480.660492 , 399.419586
1237648675604595482 , 503.189789 , 384.232605
1237646547438142060 , 475.680206 , 459.356995
1237646587685175690 , 496.014801 , 389.589111
1237649812661928559 , 490.714996 , 404.888214
1237646798672757459 , 458.051697 , 464.153595
1237649809441292706 , 501.448212 , 460.727112
1237649909843755503 , 467.39801 , 459.518585
1237648672904577449 , 479.709106 , 392.634308
1237646588234956853 , 464.854614 , 433.053192
1237648721792402195 , 495.89679 , 453.581512
1237648597189132411 , 459.003998 , 442.591888
1237646798132544144 , 506.182892 , 457.620087
1237648703521948221 , 472.610413 , 434.24649
1237649919503041404 , 472.910095 , 454.411407
1237649743411085389 , 474.871796 , 422.083893
1237646707962415033 , 483.944214 , 416.959808
1237646548491960603 , 463.9133 , 438.289886
1237649811052298689 , 490.694 , 387.190002
1237646587177796537 , 484.243286 , 462.716888
1237648596652000626 , 472.890289 , 441.686798
1237646748741403166 , 500.449005 , 407.362091
1237646551175857000 , 458.378998 , 459.294312
1237646794374186340 , 495.593597 , 390.082397
1237645877943927124 , 508.730408 , 429.811401
1237648704065700288 , 498.191711 , 428.196106
1237648672903201557 , 475.558411 , 434.651398
1237649742870938154 , 460.822998 , 429.224487
1237648722317804142 , 471.623199 , 419.980194
1237649920044761492 , 461.45459 , 449.054108
1237646708500727534 , 498.167206 , 464.481903
1237649769722478758 , 480.074799 , 401.096802
1237646548496417209 , 504.911194 , 386.093414
1237649825550631545 , 496.703094 , 423.422607
1237649911996743900 , 483.554596 , 386.773499
1237646706865668771 , 474.137604 , 451.832397
1237649954933571949 , 484.285187 , 450.860992
1237646792235680031 , 486.26059 , 407.255188
1237649920040632797 , 498.824097 , 418.853485
1237646510375108773 , 499.184509 , 461.215393
1237648704059278131 , 474.510406 , 418.672394
1237649768646509624 , 465.079987 , 461.533813
1237648703514018180 , 469.450897 , 407.724213
1237646547966885944 , 510.303009 , 432.4664
1237649910375842068 , 509.10141 , 386.98761
1237649942587900021 , 498.186615 , 412.129395
1237648722815157984 , 503.560486 , 455.974213
1237650009162842694 , 509.962189 , 429.619507
1237649954940060457 , 492.4328 , 431.123688
1237648675590767029 , 469.874695 , 436.923615
1237648705143310574 , 460.736786 , 463.269012
1237649962993123354 , 466.646393 , 426.128906
1237648673431028121 , 506.468903 , 442.988098
1237650013993305134 , 458.703796 , 394.14859
1237648722292179478 , 490.535706 , 397.822693
1237646793311191709 , 484.525391 , 389.569214
1237646706870321840 , 484.22641 , 398.111908
1237646748751824280 , 459.981598 , 457.079987
1237646585558991728 , 507.686493 , 448.436005
1237648673996408128 , 506.695099 , 460.668488
1237646792237122186 , 470.669006 , 438.901703
1237646796527896147 , 461.948914 , 424.419495
1237648702992286638 , 471.793304 , 392.56369
1237646547438666022 , 472.706299 , 447.867798
1237648675606169131 , 457.934906 , 460.37851
1237646508763971895 , 461.614288 , 383.028809
1237649745019405214 , 505.022705 , 384.623291
1237650012920546156 , 468.283905 , 430.015289
1237646793302868110 , 505.986694 , 399.192902
1237649862597017919 , 489.759094 , 386.604095
1237648705131053781 , 481.368408 , 390.354889
1237646707419972880 , 458.101288 , 462.607605
1237646549031125733 , 478.65271 , 402.727692
1237649911459217725 , 467.639313 , 396.129608
1237648673431290455 , 485.071014 , 433.457397
1237649940441071797 , 498.456512 , 449.990906
1237649744487187686 , 498.327911 , 431.289215
1237646647836935087 , 473.174896 , 395.186493
1237646707403915873 , 493.428314 , 424.590393
1237646587695530789 , 462.233002 , 405.473297
1237646797598622043 , 509.664215 , 459.33609
1237646791696975272 , 462.181885 , 458.397705
1237646648378982574 , 496.755402 , 413.265503
1237646708492534107 , 497.481506 , 401.066315
1237649742875003311 , 484.316589 , 453.218414
1237649952785564074 , 484.545685 , 461.386108
1237646552786141392 , 481.288513 , 417.574585
1237648722294277104 , 487.680298 , 437.2341
1237648704054231092 , 480.2612 , 413.432007
1237646793304310714 , 485.028595 , 428.969696
1237648702985536987 , 487.544586 , 448.279999
1237646792228144299 , 482.968994 , 462.324188
1237646549049279178 , 463.7995 , 436.545685
1237646553859884472 , 468.461212 , 406.118896
1237648703522604383 , 508.094086 , 417.194092
1237650009164546270 , 472.524902 , 393.739685
1237648720138076999 , 485.813995 , 391.664612
