34347 , 479.695404 , 1326.12195
106262 , 483.360199 , 1323.84204
49287 , 483.227112 , 1333.40906
75664 , 484.822113 , 1330.27295
45749 , 483.805115 , 1331.901
65152 , 488.829498 , 1332.94604
41214 , 487.954315 , 1332.021
70018 , 491.852997 , 1320.50903
70626 , 489.016907 , 1322.21802
11445 , 492.337189 , 1327.22205
39104 , 482.132599 , 1320.427
36279 , 485.11499 , 1332.46399
50502 , 483.715088 , 1325.08997
5891 , 486.377106 , 1330.69202
24667 , 489.691986 , 1325.45605
98880 , 490.273193 , 1332.995
56810 , 485.025909 , 1325.62805
