65814 , 489.537903 , 1381.172
106198 , 491.60849 , 1371.646
26 , 489.798004 , 1373.96899
4872 , 481.786804 , 1382.84094
107447 , 478.784393 , 1387.021
73870 , 491.0065 , 1378.29797
43700 , 491.594086 , 1380.31201
49695 , 491.344696 , 1369.90796
93660 , 481.926208 , 1370.52698
47030 , 485.419006 , 1388.81604
32217 , 487.150391 , 1387.61401
45458 , 489.868195 , 1373.42896
75223 , 487.118011 , 1379.10901
52142 , 487.927887 , 1373.474
5910 , 487.924896 , 1384.21594
60433 , 478.463196 , 1377.47302
94547 , 488.96521 , 1374.05798
