1237649929704767839 , 464.660614 , 155.519699
1237649824475120144 , 479.144409 , 202.050705
1237645877424488877 , 465.405701 , 222.996994
1237649929700770351 , 504.212585 , 223.791107
1237649963526586499 , 488.526215 , 172.154007
1237649768103740852 , 510.147095 , 190.490799
1237646587169866327 , 478.405609 , 194.314697
1237648705679656744 , 504.122986 , 172.343796
1237648705668383864 , 457.603302 , 169.942902
1237649807830351992 , 489.94519 , 223.593307
1237648722308105401 , 490.772186 , 180.314301
1237646793843081509 , 465.576599 , 148.208694
1237649818041319779 , 468.570099 , 161.151199
1237649920038666273 , 508.437012 , 161.339203
1237649825012318455 , 510.296112 , 152.762497
1237646645674246948 , 487.726196 , 158.248901
1237648704602178915 , 465.40271 , 222.464096
1237649807843262484 , 465.126312 , 173.059601
1237646647276601725 , 466.260498 , 224.256104
1237648704052396179 , 498.130707 , 209.6539
1237646586078757667 , 470.05899 , 165.930298
1237649911452009832 , 481.753815 , 199.3647
1237646796523899051 , 498.356903 , 170.312897
1237649962997449147 , 507.615295 , 227.530304
1237646585543263005 , 474.10611 , 149.660904
1237649807843524828 , 508.271301 , 158.743393
1237646792236535963 , 495.305206 , 163.213898
1237649919508939131 , 471.254913 , 170.831299
1237648675069953509 , 500.739288 , 218.1064
1237646546883510449 , 474.317596 , 161.390198
1237646648375967831 , 486.974792 , 207.1716
1237648705143178792 , 495.510315 , 202.126801
1237648722826887902 , 473.618011 , 175.207306
1237648596652983317 , 500.781708 , 165.969696
1237649918433689647 , 479.656311 , 157.795898
1237649953867301570 , 503.567108 , 195.260696
1237648722827870314 , 493.585907 , 222.659302
1237646646753034677 , 486.901306 , 217.291306
1237646749284500660 , 480.03479 , 219.865799
1237648673453376673 , 491.368713 , 187.357697
1237646751434014855 , 478.250305 , 225.574402
1237649817496126061 , 497.042389 , 153.426102
1237646797603014170 , 457.583313 , 217.630005
1237646645686632505 , 463.053894 , 153.260406
1237646796523636007 , 480.419495 , 221.391602
1237649865279930569 , 495.297485 , 185.525696
1237649817496322301 , 501.922913 , 187.054306
1237648703527519069 , 461.759613 , 199.322998
1237649770256532108 , 502.578094 , 201.615005
1237646586640402115 , 490.266113 , 174.491501
1237648705108705368 , 500.990997 , 188.487106
1237646648353293035 , 466.5625 , 172.515198
1237646551709713430 , 472.835907 , 192.020401
1237648720134407542 , 486.822205 , 221.233704
1237646503930953858 , 481.365692 , 189.762894
1237649807299445053 , 463.905914 , 210.651505
1237646797063914753 , 485.750305 , 190.957794
1237650014526832912 , 462.326294 , 196.155197
1237649863139197096 , 462.571594 , 182.113693
1237646548495630860 , 485.241394 , 155.260803
1237648722322456984 , 495.024506 , 188.333893
1237646748749988115 , 468.58429 , 197.840195
1237650012920938731 , 494.170593 , 196.661606
1237646792227357532 , 487.926605 , 218.659897
1237646587712242910 , 483.1987 , 177.072495
1237648705671595087 , 492.160889 , 156.593796
1237649961384673813 , 469.180786 , 159.156906
1237646587712440514 , 479.802795 , 154.462402
1237646508758532239 , 467.276001 , 204.704193
1237649962449240160 , 506.046112 , 163.8517
1237646707964904334 , 480.173492 , 191.927307
1237649825012712004 , 474.570892 , 147.715393
1237648704599950122 , 477.082092 , 158.6353
1237646547419529593 , 484.776794 , 167.7845
1237646646745956772 , 484.374603 , 196.335602
1237646548494647722 , 491.242188 , 214.202499
1237649953329774971 , 501.079315 , 208.333496
1237646797601309262 , 476.538513 , 161.386505
1237648673426047352 , 505.92511 , 213.513397
1237648674499526680 , 485.322815 , 192.396896
1237646585566201113 , 485.768585 , 162.100693
1237646588237709663 , 463.694489 , 212.169907
1237649912527650876 , 479.346191 , 180.433807
1237648722325078761 , 512.901184 , 202.726593
1237646793845312407 , 466.605499 , 187.680893
1237648704604472375 , 475.565887 , 168.071701
1237646585533039016 , 468.897186 , 204.345505
1237649928632139917 , 496.817505 , 196.728104
1237648705143834730 , 476.048309 , 222.298401
1237649742336754665 , 460.398987 , 206.560303
1237646795984405048 , 472.282593 , 193.722107
1237648704036143751 , 486.212097 , 213.8573
1237650010239664418 , 477.405212 , 194.208099
1237649911985471600 , 506.035187 , 225.360901
1237646796527043650 , 496.616913 , 178.754898
1237648675033973094 , 510.877411 , 226.395203
1237648722831541124 , 505.4505 , 158.338699
1237646706886508851 , 508.122498 , 161.369705
1237649911453057919 , 482.630096 , 216.823196
1237646585549619278 , 502.250092 , 147.985596
1237646586090357478 , 491.259613 , 163.297897
1237648704028541308 , 469.767303 , 215.542603
1237648705679787258 , 473.919006 , 188.852997
1237646797068305538 , 468.554504 , 223.6772
1237648722327635174 , 486.771301 , 210.934494
1237649909849719088 , 477.455688 , 182.351196
1237646795989911177 , 473.409485 , 208.984406
1237648702981735801 , 498.768585 , 170.362106
1237649807305278075 , 501.08551 , 147.586197
1237648720135979810 , 487.743805 , 176.638901
1237646797595017801 , 498.06839 , 156.510101
1237649807299379396 , 484.702515 , 178.895401
1237649807833956911 , 460.440491 , 219.047897
1237646587687797699 , 510.748505 , 169.203705
1237646798134575440 , 482.825012 , 221.746094
1237649871183348090 , 471.251801 , 226.795303
1237646509298287208 , 497.125488 , 227.363007
1237646586101630548 , 474.856201 , 223.5811
1237649920046465410 , 477.410889 , 212.388794
1237649962460840626 , 512.377075 , 201.330597
1237646646219899444 , 470.383087 , 152.378098
1237646647273455825 , 481.89621 , 171.113297
1237649918428840640 , 511.029907 , 157.077301
1237646795986370999 , 470.36731 , 170.720901
1237649909835695057 , 475.761597 , 200.611099
1237646549031977384 , 487.925293 , 203.795807
1237650011317010591 , 479.220612 , 223.930298
1237646707961626896 , 472.242004 , 150.590103
1237646707965167808 , 458.143005 , 155.273697
1237649952794542313 , 510.011902 , 188.933395
1237648705665172005 , 504.004395 , 224.3517
1237649768640807034 , 464.116394 , 223.428802
1237649927025525076 , 461.121307 , 170.8564
1237646585560957788 , 478.808411 , 208.923492
1237648704068256340 , 483.394287 , 206.2771
1237646793843343666 , 491.832886 , 222.033295
1237646646744252932 , 457.882111 , 183.678497
1237648705670021179 , 493.121613 , 201.888596
1237648703515460146 , 461.044098 , 146.691101
1237646647841654239 , 494.804413 , 212.485901
1237649955478045022 , 498.897095 , 191.436005
1237646587164557945 , 500.167694 , 183.440704
1237649942588491657 , 490.199402 , 206.025894
1237648595577602515 , 490.003815 , 151.615707
1237648702966727269 , 461.330505 , 220.453598
1237646553319474203 , 471.358093 , 202.4198
1237649807306260583 , 505.487213 , 220.407104
1237648672891469919 , 496.281708 , 193.549606
1237646506619830635 , 513.187622 , 165.177902
1237649808377905511 , 475.834412 , 154.744598
1237648703500452486 , 485.398407 , 161.886993
1237646707964314539 , 481.319794 , 161.834
1237646586086424938 , 498.315002 , 162.407898
1237646587693695600 , 492.815308 , 152.382004
1237646798671709163 , 472.132111 , 194.292099
1237649910910681798 , 478.214386 , 209.518997
1237649918436048975 , 508.720612 , 152.546097
1237649912533811496 , 492.087585 , 223.132996
1237649768646312662 , 472.138397 , 204.6418
1237646792768357473 , 491.595398 , 214.658401
1237646647288070786 , 479.110413 , 189.946198
1237650014531027176 , 501.554993 , 209.825897
1237649813740454168 , 480.746185 , 213.758804
1237648675071788455 , 474.719299 , 202.969101
1237648705136427824 , 508.768311 , 185.4095
1237649964069552769 , 479.022614 , 184.157806
1237649742339703065 , 504.248505 , 225.839005
1237648705674346578 , 496.995514 , 226.414398
1237649963535171680 , 502.375305 , 163.060898
1237648596653638444 , 483.241486 , 194.882095
1237646647300391781 , 493.197601 , 158.253494
1237646708482179248 , 499.331604 , 181.562195
1237649769186853732 , 471.184296 , 188.465393
1237646587167572638 , 469.219788 , 170.2966
1237649770794975684 , 459.869293 , 165.484207
1237648597723448471 , 484.391815 , 187.397293
1237646792231879874 , 502.839813 , 188.442703
1237646586618511723 , 497.219208 , 199.298004
1237646647815832390 , 486.332397 , 180.080093
1237649955479356021 , 482.843414 , 166.731903
1237648722304762861 , 499.956909 , 187.121307
1237646647842112005 , 509.509003 , 196.083694
1237646647301505600 , 472.468414 , 219.230301
1237649920036962629 , 498.754211 , 194.865402
1237646552246518855 , 512.142822 , 186.710205
1237649918971150598 , 491.623596 , 203.401703
1237646751433360602 , 467.457214 , 180.009003
1237646586611695994 , 459.568115 , 165.556793
1237648596116636556 , 459.686707 , 196.842697
1237649910380167722 , 509.090515 , 204.626297
1237650010769654173 , 496.689087 , 191.279404
1237648704049185371 , 495.854095 , 222.531799
1237648705107788356 , 491.449799 , 169.098099
1237649954402074807 , 467.886902 , 227.253204
1237650009699188887 , 457.937805 , 150.504105
1237646548493533538 , 485.698608 , 217.461105
1237648703512642820 , 473.502106 , 215.123795
1237648597188150101 , 477.804108 , 146.766998
1237648704581862182 , 510.423096 , 189.765594
1237646548515423185 , 497.033112 , 161.865097
1237646748741337562 , 465.005402 , 218.071106
1237646547425034831 , 512.963684 , 201.220795
1237648705137870048 , 476.770386 , 219.363297
1237646751430280177 , 484.878113 , 148.619095
1237648722319574150 , 490.384308 , 165.196396
1237649865286681079 , 459.690796 , 167.134293
1237649770254240223 , 478.916595 , 209.360596
1237646749825171838 , 499.12149 , 224.387497
1237649871181185539 , 513.476501 , 221.729599
1237649929704374647 , 476.231506 , 214.214493
1237646587694875139 , 511.022491 , 204.027405
1237646791699992383 , 492.784088 , 206.3741
1237650009167757600 , 511.428497 , 157.963898
1237648705645773418 , 489.457611 , 165.787994
1237649743412201998 , 496.176697 , 159.837601
1237649806756675681 , 463.029602 , 224.879303
1237646705800970777 , 470.822296 , 162.224396
1237649928094155711 , 487.846313 , 182.184494
1237649910916055501 , 484.087799 , 187.937393
1237646510906999092 , 464.507111 , 176.255798
1237646798132412887 , 458.881287 , 196.720398
1237646706868617574 , 458.386414 , 188.974594
1237648673959641107 , 502.851013 , 213.433899
1237646798677738001 , 484.895905 , 174.394104
1237648704578453878 , 492.430115 , 188.265396
1237648673457243134 , 500.014709 , 183.729004
1237648674515322178 , 466.013 , 209.303207
1237646647823695929 , 491.040497 , 165.514801
1237646793846820109 , 482.218903 , 226.507004
1237648703512838877 , 466.558197 , 152.7771
1237649910913434155 , 501.105591 , 220.818604
1237649794408841608 , 508.547913 , 178.3479
