100425 , 521.498108 , 566.09729
21426 , 511.973511 , 563.360718
32648 , 516.321411 , 567.749207
60157 , 522.182312 , 567.5448
83864 , 514.114075 , 562.059326
13585 , 521.896973 , 567.998779
60049 , 514.070496 , 560.079773
50255 , 524.825378 , 560.995422
102096 , 514.788086 , 571.37561
18178 , 520.827271 , 553.955627
8744 , 524.441101 , 573.342712
55891 , 512.18042 , 572.286682
36107 , 520.221924 , 572.455322
31427 , 518.793701 , 556.942383
33618 , 518.292114 , 557.768921
68734 , 519.243286 , 555.208496
13892 , 511.842896 , 571.767517
95357 , 516.800781 , 560.635986
70890 , 519.294678 , 560.421997
