83471 , 523.278381 , 1815.55798
53707 , 519.91272 , 1808.95605
95153 , 521.834229 , 1821.31201
119324 , 520.695679 , 1821.96802
10081 , 523.111877 , 1817.03503
1339 , 522.703125 , 1821.005
91216 , 519.073425 , 1812.18799
8149 , 511.540985 , 1825.67102
26827 , 521.670471 , 1810.09998
32485 , 516.77002 , 1815.50403
45061 , 520.021179 , 1821.01599
86898 , 512.461975 , 1821.44995
7317 , 516.597717 , 1828.98499
22468 , 517.081299 , 1820.80396
13772 , 523.710571 , 1816.73206
114181 , 514.790894 , 1828.66394
110546 , 524.310425 , 1813.47205
