40347 , 538.295593 , 916.174622
43051 , 530.328796 , 926.406799
10726 , 530.548828 , 927.0625
87795 , 529.463684 , 911.697815
18268 , 533.18689 , 921.856506
102430 , 533.080383 , 924.336487
36182 , 539.82959 , 929.023193
70107 , 534.729614 , 917.231323
74958 , 528.262024 , 921.213684
9159 , 537.5578 , 931.642029
41423 , 534.275818 , 922.637695
49547 , 531.757629 , 931.1698
27613 , 537.035828 , 925.096619
6847 , 534.469604 , 925.1026
91763 , 536.254028 , 927.594116
79522 , 538.116089 , 916.325928
28960 , 540.166687 , 915.661621
12379 , 529.986511 , 925.930176
16491 , 530.877319 , 921.262695
