97131 , 537.897827 , 1689.55396
32005 , 534.197205 , 1694.04797
78904 , 537.673279 , 1698.177
20279 , 528.619812 , 1704.02795
107110 , 540.969116 , 1690.48596
85652 , 529.834473 , 1697.89294
88301 , 529.726074 , 1703.86694
95944 , 538.403625 , 1688.53101
70477 , 528.473328 , 1701.04199
118477 , 535.677002 , 1697.18201
50385 , 531.499878 , 1693.5
71959 , 533.592896 , 1707.828
3794 , 532.031006 , 1694.30896
1207 , 535.291077 , 1700.78796
18016 , 531.224915 , 1707.14697
25771 , 536.649719 , 1695.21301
79100 , 535.045105 , 1695.55603
