48551 , 562.065674 , 1455.01294
81802 , 560.396606 , 1448.17102
91517 , 565.665405 , 1450.55005
37639 , 564.998596 , 1448.08801
114747 , 563.659729 , 1452.99402
11466 , 567.736084 , 1456.10095
31201 , 567.324524 , 1448.52295
41846 , 566.86792 , 1446.578
56234 , 568.824219 , 1449.83997
118800 , 561.234985 , 1453.573
107554 , 570.292603 , 1447.68396
41743 , 571.792114 , 1444.35303
31247 , 573.137512 , 1459.12805
81362 , 567.513977 , 1460.62903
96173 , 566.246704 , 1444.09094
41783 , 570.39917 , 1458.13
63707 , 573.851196 , 1450.61096
54086 , 565.644775 , 1456.11597
52097 , 561.163025 , 1454.42395
94112 , 563.312988 , 1442.54395
12030 , 563.066284 , 1455.37695
5530 , 570.140808 , 1455.10999
4522 , 567.040283 , 1449.60498
