105900 , 587.719971 , 1320.35095
2225 , 587.873291 , 1327.74304
4243 , 587.929077 , 1322.61902
71245 , 583.453674 , 1336.56799
100462 , 580.122803 , 1331.92004
10999 , 585.759888 , 1322.27002
69966 , 583.088623 , 1332.552
53141 , 591.133423 , 1320.01404
84631 , 581.370605 , 1325.88098
81835 , 584.887207 , 1328.45398
115102 , 589.768127 , 1335.52795
100926 , 577.859802 , 1329.14502
90664 , 580.852722 , 1328.17603
257 , 590.150208 , 1336.78503
93269 , 583.921997 , 1328.97205
84343 , 590.921387 , 1329.19702
