79217 , 584.673828 , 181.077698
101066 , 584.820679 , 195.443497
89517 , 586.738098 , 183.358994
28867 , 582.321472 , 193.852203
32183 , 580.499329 , 187.817795
109133 , 577.555115 , 194.655304
52448 , 589.625916 , 178.866699
14440 , 580.956787 , 189.691803
86114 , 590.352722 , 180.719406
107920 , 579.533081 , 177.265198
34082 , 590.804688 , 181.323196
28087 , 584.191101 , 193.464005
1676 , 590.085693 , 184.012299
55352 , 581.682373 , 177.820206
36039 , 585.523071 , 189.999405
8195 , 587.945679 , 186.278397
90202 , 585.597412 , 190.476807
96812 , 580.448914 , 191.572098
17415 , 580.2854 , 177.706207
116479 , 583.191711 , 187.608704
29007 , 587.986511 , 177.743607
