65403 , 621.400696 , 1231.073
80464 , 624.996216 , 1238.50696
4504 , 618.687988 , 1230.99902
7553 , 618.187012 , 1241.77405
63102 , 624.97821 , 1229.66602
106129 , 624.622986 , 1229.03503
20021 , 615.546814 , 1232.09998
75567 , 624.443604 , 1238.46594
63039 , 618.758484 , 1223.46106
20724 , 613.976013 , 1230.323
98701 , 619.477905 , 1228.64001
97894 , 625.541199 , 1241.21704
4612 , 619.802185 , 1225.11902
10925 , 620.763794 , 1226.57495
7596 , 620.05188 , 1236.021
40333 , 612.17572 , 1241.96204
110497 , 611.94043 , 1240.12695
26972 , 616.227478 , 1226.76501
