47852 , 617.817017 , 608.259094
30415 , 616.222229 , 606.876221
119444 , 624.203125 , 601.959412
27429 , 623.729187 , 605.048523
92140 , 613.794678 , 604.420471
60823 , 619.456421 , 621.458923
65071 , 615.703613 , 621.566711
20170 , 612.62677 , 621.020691
110869 , 614.727295 , 619.920105
1340 , 617.227905 , 615.202576
36825 , 613.035583 , 619.573792
4803 , 614.70343 , 605.471375
33478 , 623.203979 , 609.628479
91425 , 618.591614 , 605.151489
81252 , 625.175415 , 605.048584
97743 , 621.407593 , 601.518188
66382 , 615.398315 , 602.420776
78171 , 616.835022 , 602.197571
60279 , 622.717224 , 614.276489
48142 , 618.562683 , 607.342773
