95995 , 615.324097 , 1424.07996
12267 , 615.822815 , 1424.73596
64441 , 622.418518 , 1427.18201
26256 , 614.910828 , 1429.55701
44172 , 613.235779 , 1432.073
12770 , 615.413086 , 1429.70801
74474 , 618.327271 , 1435.60999
88198 , 622.871216 , 1435.35303
82366 , 623.693787 , 1426.73206
38645 , 623.490417 , 1434.87
86588 , 613.669495 , 1418.52502
34381 , 614.381226 , 1423.88599
84339 , 617.659912 , 1430.422
98698 , 618.254822 , 1429.15002
66688 , 622.909607 , 1426.73804
20463 , 623.544373 , 1419.22998
50854 , 617.915588 , 1429.64502
61046 , 622.762329 , 1423.29004
27172 , 616.5578 , 1424.68994
60137 , 621.523682 , 1434.89697
