108091 , 620.89801 , 1680.47998
61748 , 619.6073 , 1665.50696
86921 , 614.146729 , 1675.90906
46622 , 620.656799 , 1676.66296
66337 , 617.413818 , 1674.68005
110455 , 612.130371 , 1666.505
91772 , 616.427979 , 1681.61499
15438 , 619.86438 , 1670.58997
9357 , 611.682678 , 1680.87903
92893 , 615.842896 , 1679.70996
22508 , 616.024109 , 1671.83801
3064 , 624.473389 , 1663.45496
94485 , 623.923218 , 1673.87598
40982 , 624.540405 , 1680.41797
22660 , 619.599426 , 1680.49902
13626 , 617.475403 , 1682.71106
114357 , 618.165405 , 1676.69104
119300 , 616.617676 , 1669.22095
5945 , 619.915405 , 1666.79504
96699 , 614.267578 , 1670.20605
