1237646791699861686 , 675.148926 , 933.356079
1237646549051245448 , 646.04718 , 927.014221
1237646586617594963 , 627.585022 , 858.318298
1237646646203318812 , 665.97229 , 891.659424
1237646795985191640 , 653.871521 , 910.878479
1237649961918202265 , 625.654175 , 859.018799
1237646585537691915 , 634.710327 , 916.708679
1237649939902171251 , 656.170288 , 899.48877
1237646547424051419 , 636.66748 , 902.238403
1237649912522081543 , 658.31311 , 893.549805
1237646585539134211 , 654.693787 , 878.655212
1237646794384281340 , 630.652527 , 937.74707
1237646551711681162 , 641.067017 , 886.441284
1237649826086846851 , 631.497986 , 870.453125
1237649769723659055 , 675.644287 , 936.179688
1237646505001091512 , 656.727112 , 888.197388
1237645877423374838 , 639.563721 , 862.191711
1237649770790389945 , 629.821899 , 896.343994
1237648705110671846 , 642.45282 , 917.294983
1237646645664284957 , 651.577026 , 924.468079
1237648702969217835 , 625.482727 , 910.514526
1237646648360763737 , 665.987305 , 890.353271
1237646586067812708 , 627.878174 , 880.67749
1237650008621318675 , 649.375916 , 926.310425
1237646648351195345 , 632.440613 , 931.7229
1237648705101824428 , 650.196228 , 858.440918
1237646797066142687 , 679.304382 , 921.875122
1237648673430044698 , 642.303589 , 909.95697
1237646586612024077 , 655.513916 , 888.117615
1237649929711976886 , 669.877625 , 858.7005
1237648722817516239 , 657.230896 , 922.0354
1237649743949007399 , 628.51001 , 896.684326
1237646794384609361 , 636.741272 , 924.670715
1237648702951129122 , 638.143677 , 896.129395
1237649769185870717 , 668.776184 , 870.046509
1237648722818826345 , 640.057678 , 926.641418
1237648705108574349 , 666.633972 , 905.244385
1237648705112178851 , 655.922913 , 888.286682
1237646548494057808 , 661.25293 , 935.1698
1237646587162526637 , 669.948914 , 912.952026
1237650012914909674 , 666.102905 , 890.826721
1237649918966235611 , 654.751099 , 868.965515
1237646587693301864 , 676.65448 , 882.659424
1237649770788423253 , 680.872375 , 856.443909
1237649813738291510 , 627.933411 , 930.875183
1237648722844320050 , 627.472717 , 866.898682
1237649942590784676 , 648.680603 , 883.547485
1237648703495602988 , 659.818787 , 912.500183
1237649918428119459 , 662.761475 , 862.331909
1237648675057959254 , 665.928101 , 918.742615
1237650011307246384 , 663.966003 , 873.817322
1237648704587564446 , 634.049377 , 923.142517
1237646798132873730 , 636.556824 , 880.058472
1237646791700775613 , 635.387512 , 910.182983
1237649808367551827 , 631.05481 , 920.415222
1237648720139583847 , 630.886719 , 906.708984
1237648674523185774 , 656.463928 , 902.555908
1237646549584904387 , 627.991821 , 869.700317
1237646587691335756 , 652.262573 , 901.330322
1237649873333322249 , 651.267883 , 918.647522
1237648674533474971 , 640.678223 , 925.343628
1237646547429753177 , 670.859375 , 886.1698
1237646706350884498 , 633.99707 , 887.293396
1237649809446994789 , 664.172729 , 863.111084
1237649921120928207 , 644.554199 , 933.349426
1237649963523637666 , 629.979614 , 916.998779
1237650008625775013 , 641.61261 , 895.050415
1237649918431330543 , 659.215271 , 881.868225
1237649769184297883 , 676.24292 , 888.220886
1237648722302140734 , 668.397522 , 884.670776
1237649910386917887 , 652.7323 , 903.428772
1237646506082894608 , 634.067322 , 937.726318
1237648672902284175 , 645.192993 , 907.942505
1237646797066601461 , 637.098877 , 879.06073
1237646553323012389 , 648.189209 , 898.526123
1237648705141409256 , 629.338074 , 915.150513
1237646749815800686 , 645.239929 , 884.783508
1237646586634634642 , 663.533325 , 913.405396
1237646708478509185 , 658.742798 , 867.915222
1237649929175499493 , 670.832825 , 886.027283
1237648672918340643 , 638.511475 , 858.612122
1237646794384478292 , 675.158875 , 875.349426
1237646646734946920 , 662.150879 , 922.237
1237646792767504950 , 675.879211 , 864.392395
1237649742334723344 , 634.365112 , 905.58551
1237649770255417552 , 631.585327 , 897.285278
1237648597726528174 , 640.756226 , 902.264709
1237648703503598526 , 626.584778 , 915.243896
1237646706888409253 , 631.930176 , 900.808472
1237649920038862986 , 654.592224 , 933.044312
1237648673449115716 , 655.755676 , 923.676025
1237646791700513796 , 640.298828 , 886.906311
1237650008623218942 , 680.532227 , 868.103027
1237646585539592684 , 668.5354 , 862.581482
1237649816958337441 , 651.775818 , 923.463013
1237646793836986949 , 654.980225 , 905.286377
1237646749278535750 , 661.857178 , 891.769897
1237646546904088856 , 668.465881 , 916.65979
1237649743948939760 , 640.775879 , 906.259521
1237649818034373151 , 655.998474 , 896.11499
1237649954940322045 , 680.182129 , 928.040283
1237648675575628212 , 656.724426 , 889.44342
1237646792770979459 , 647.842712 , 875.201294
1237648722294735377 , 660.405273 , 897.540588
1237648721789780725 , 658.457397 , 910.802612
1237646588221784916 , 647.576111 , 934.093384
1237646586103400575 , 667.955872 , 869.080322
1237649808910319865 , 656.516174 , 892.092896
1237649962988863739 , 672.620972 , 891.226685
1237646791698943206 , 652.776978 , 904.946472
1237646586608943402 , 644.447693 , 885.074585
1237645879026713003 , 629.552979 , 902.764221
1237646645681586199 , 663.629517 , 867.108826
1237649873329259037 , 641.844971 , 908.375183
1237646586632209317 , 663.925415 , 903.610474
1237646553859098599 , 626.639771 , 870.151978
1237648705143506591 , 659.406921 , 905.270386
1237649864206910040 , 630.977478 , 912.260071
1237649955481846635 , 646.71582 , 895.519409
1237646796521867403 , 674.131775 , 930.809082
1237649770788618495 , 651.779114 , 881.36792
1237646706341315295 , 629.710815 , 908.472778
1237646708488274344 , 677.03363 , 871.274597
1237648596112638475 , 641.271606 , 885.148926
1237648704046891532 , 633.977905 , 868.478088
1237646505547006142 , 657.789673 , 876.375427
1237649939905119043 , 666.182373 , 893.199097
1237648704032276644 , 646.609924 , 909.197876
1237646750360731898 , 645.276978 , 856.974426
1237649911457448379 , 628.205322 , 921.612915
1237646791696057506 , 669.847717 , 886.815125
1237646647300522399 , 668.475586 , 921.646301
1237649744481157582 , 677.187622 , 897.573975
1237646750894785558 , 675.836487 , 901.993286
1237646792763638877 , 654.20752 , 856.93158
1237646795987552279 , 648.883179 , 889.080688
1237646646764372908 , 664.80188 , 918.981506
1237649769176826032 , 671.766113 , 867.327393
1237649742871856480 , 667.303223 , 915.639587
1237648705677297012 , 655.303528 , 929.447876
1237646793847017116 , 639.965881 , 923.091187
1237649964062736682 , 625.78772 , 900.690308
1237648722293621235 , 642.547119 , 936.455688
1237646648371709215 , 642.538025 , 888.974304
1237649863134020143 , 633.779114 , 915.67572
1237648705107853516 , 629.269714 , 891.111084
1237649742870348702 , 660.257507 , 873.87738
1237646585545359972 , 647.236389 , 934.990906
1237646587714143858 , 656.910828 , 890.942871
1237648720140763718 , 644.086487 , 899.884094
1237650004862173234 , 640.638916 , 920.751709
1237649963536482628 , 661.097717 , 886.150208
1237648722320622841 , 674.377014 , 871.455872
1237646707963592928 , 631.363586 , 899.976318
1237648703530076208 , 675.733215 , 862.019775
1237649807301411306 , 668.922424 , 913.056274
1237648596114998233 , 638.468323 , 864.968018
1237646797597575291 , 641.344604 , 906.920471
1237648702995956747 , 668.990417 , 891.854675
1237646797607863032 , 657.734619 , 869.32312
1237649809450140326 , 675.75647 , 858.083313
1237650008631214475 , 663.701477 , 889.056213
1237646748747236007 , 659.620972 , 893.167725
1237646795993120904 , 677.314087 , 875.066406
1237648704064127966 , 662.997681 , 875.919617
1237648675592537018 , 680.849304 , 912.172974
1237648722297356762 , 640.629517 , 897.106323
1237646706333515995 , 639.990479 , 923.494324
1237648595577537634 , 664.568787 , 884.827881
1237648704579961755 , 678.297913 , 915.702087
1237650009695257532 , 628.887085 , 870.804016
1237646707958416256 , 673.719971 , 910.984009
1237648675590439410 , 639.498718 , 902.705811
1237646587702345762 , 669.167419 , 889.450928
1237649911453515867 , 632.723389 , 923.931213
1237646646756311486 , 644.44043 , 893.696716
1237648704606439060 , 679.849182 , 878.699402
1237646548499366251 , 634.556885 , 931.75238
1237646705815127559 , 641.21698 , 860.576477
1237646706353897812 , 679.167786 , 901.0177
1237646794375300313 , 657.02417 , 937.813477
1237646647303406787 , 628.174072 , 924.906921
1237648722844123693 , 654.487 , 902.57373
1237648702991958990 , 673.196472 , 894.72998
1237648705097957954 , 641.822083 , 897.126221
1237646586635617390 , 636.957703 , 865.646912
1237646548492812512 , 675.396118 , 912.979675
1237648704041714507 , 650.548218 , 864.263611
1237646791691600224 , 634.890015 , 878.292297
1237645879026320190 , 673.180115 , 937.214478
1237648702972363239 , 670.951782 , 893.048401
1237646547967083134 , 659.280579 , 864.592285
1237646796525013482 , 678.309021 , 914.130676
1237646795989780136 , 640.623718 , 863.985107
1237646793840461370 , 662.754089 , 882.557678
1237648672913293666 , 677.025879 , 921.44458
1237646646738092985 , 627.057007 , 922.321777
1237648674519778310 , 640.414673 , 935.688171
1237646796527960347 , 663.460327 , 890.433777
1237650013453484420 , 670.535706 , 889.589294
1237646505004368345 , 674.995789 , 903.169128
1237645877420884050 , 628.111694 , 869.489075
1237646587172618384 , 628.858521 , 857.085571
1237648704037454519 , 668.218811 , 874.872681
1237648704605192332 , 677.353821 , 871.402771
1237649809449943244 , 658.877686 , 886.339417
1237646707420300457 , 674.032288 , 935.773621
1237648675039085360 , 655.341309 , 866.314697
1237648673428800743 , 654.603821 , 911.628174
1237649953865531995 , 627.125671 , 900.446472
1237646798674265535 , 633.184875 , 911.642517
1237646586614186512 , 668.151917 , 898.407471
1237649808911630501 , 672.660217 , 866.736572
1237646750897996045 , 657.042725 , 903.433411
1237646793310081448 , 659.550293 , 867.481812
1237646586634109939 , 679.917114 , 925.378174
1237648722296438921 , 667.373108 , 874.565918
1237649961921675308 , 667.158997 , 902.26178
