1006 , 675.389099 , 536.455627
94337 , 667.639404 , 543.195679
86415 , 672.699219 , 534.563477
34831 , 672.684204 , 541.062927
65202 , 675.283813 , 541.83783
57238 , 675.302673 , 549.118408
72390 , 667.325989 , 546.23407
34943 , 662.945312 , 543.809814
1003 , 674.970581 , 542.520081
114812 , 663.708984 , 545.4104
52564 , 662.821289 , 539.499329
119873 , 670.572205 , 536.554993
93022 , 667.606018 , 538.441711
2741 , 666.97168 , 531.482422
114462 , 671.00592 , 540.626404
95026 , 665.182617 , 539.789429
