3113 , 680.824524 , 1179.87805
43728 , 683.016174 , 1188.88501
71449 , 688.913025 , 1193.56604
12577 , 680.132874 , 1176.43298
85017 , 682.268127 , 1185.073
22759 , 692.527222 , 1193.97498
118808 , 680.300171 , 1194.56201
84586 , 691.115112 , 1190.47595
44479 , 681.439026 , 1195.69995
15824 , 678.525513 , 1178.07996
76604 , 681.027588 , 1176.13403
89614 , 684.762085 , 1195.67603
84194 , 689.656921 , 1187.40198
18573 , 691.918274 , 1179.16699
103396 , 685.899414 , 1184.35205
111206 , 680.965027 , 1194.01697
87959 , 687.635925 , 1180.46704
