61117 , 688.901184 , 228.171097
106774 , 691.180725 , 230.357498
108961 , 689.080627 , 232.284607
10537 , 683.849976 , 227.520905
72047 , 681.796509 , 243.405197
8398 , 688.482788 , 239.514999
60189 , 688.896423 , 236.105499
116648 , 678.990173 , 229.350906
113792 , 679.981812 , 234.787094
552 , 678.646912 , 227.874207
18026 , 686.932678 , 223.935104
47962 , 689.351318 , 226.1129
17981 , 688.731812 , 239.723907
78742 , 691.368286 , 242.647705
43478 , 685.692871 , 223.746597
31286 , 679.612 , 226.239105
25877 , 681.005981 , 240.471603
109695 , 680.350281 , 226.614105
119313 , 690.716309 , 236.187393
