85292 , 697.148376 , 580.316284
55079 , 698.321228 , 593.469177
21732 , 702.064026 , 577.888977
101901 , 706.603516 , 579.032288
16840 , 707.047729 , 582.597778
31549 , 707.372314 , 596.062683
82786 , 700.298523 , 590.629028
13724 , 696.80188 , 595.958313
1870 , 699.285889 , 580.171387
74727 , 702.322571 , 588.616211
27509 , 708.270874 , 587.66748
108928 , 702.096375 , 578.878174
88093 , 700.218323 , 590.480225
93701 , 705.401672 , 594.478394
37321 , 701.717529 , 578.236816
46698 , 703.038879 , 593.914429
102387 , 701.436707 , 588.68988
