40257 , 724.108887 , 1274.03296
87751 , 719.193176 , 1277.60095
23975 , 723.096985 , 1274.35901
35223 , 720.564575 , 1286.15002
118490 , 712.080017 , 1290.65601
72821 , 724.911072 , 1272.69604
107722 , 720.20343 , 1275.97095
564 , 717.028015 , 1282.67004
46773 , 719.938171 , 1286.07996
57455 , 725.944275 , 1272.16199
65441 , 720.375671 , 1287.95105
61686 , 722.667114 , 1285.07996
66676 , 719.772827 , 1271.73303
81367 , 721.879211 , 1276.65601
111643 , 716.362976 , 1285.38196
53591 , 722.151917 , 1287.13794
