23972 , 725.973572 , 1613.72205
32290 , 719.876709 , 1621.75696
22480 , 720.405579 , 1619.13306
90163 , 720.58197 , 1628.87
32058 , 712.794983 , 1618.60303
85957 , 721.119995 , 1630.22498
43104 , 723.598206 , 1617.95996
98889 , 721.695007 , 1631.28601
104653 , 714.617615 , 1619.38
40350 , 719.478516 , 1628.87195
43019 , 722.838684 , 1621.56799
106176 , 720.946411 , 1615.34302
63838 , 714.83252 , 1616.82495
35294 , 725.742188 , 1620.35596
77267 , 722.315613 , 1633.15906
34281 , 722.836304 , 1614.45703
54758 , 711.945618 , 1624.01794
49662 , 712.10199 , 1625.37
110120 , 725.428589 , 1625.88794
