108286 , 755.712097 , 134.598907
65461 , 755.500122 , 137.981506
45870 , 757.226013 , 145.730301
87182 , 748.30542 , 135.503204
20266 , 757.5448 , 146.700897
51512 , 746.711121 , 148.068497
115780 , 746.823425 , 143.851501
59018 , 750.724915 , 149.264893
30866 , 752.105774 , 146.451401
79538 , 746.695007 , 140.913696
515 , 753.861877 , 139.574203
47997 , 750.718384 , 147.451508
44543 , 749.297913 , 133.194595
30317 , 750.741516 , 138.964996
45383 , 747.753784 , 143.386703
104104 , 753.730896 , 142.359802
11031 , 757.452576 , 131.2397
112689 , 748.481384 , 138.910507
19259 , 749.499878 , 148.732803
