6360 , 746.812073 , 798.39978
75444 , 752.761108 , 805.296875
2762 , 752.808411 , 806.274414
17202 , 754.74823 , 797.981689
71481 , 754.800903 , 802.18158
42702 , 758.425293 , 793.562012
33992 , 745.899719 , 796.231384
57440 , 752.343811 , 810.216919
119233 , 745.866272 , 808.140808
72587 , 755.979187 , 796.085205
14276 , 753.314819 , 793.580383
3762 , 757.636719 , 794.086121
87503 , 758.710022 , 801.861511
96922 , 748.387329 , 806.051514
113432 , 750.664978 , 800.683228
42703 , 746.976196 , 806.50647
