118672 , 747.091125 , 1862.77502
61415 , 747.209595 , 1870.98706
71132 , 754.297119 , 1874.82202
86877 , 752.054382 , 1858.401
73526 , 749.161682 , 1876.552
111355 , 758.698425 , 1870.70496
45995 , 755.866577 , 1859.45605
183 , 746.314819 , 1868.20801
24073 , 749.446228 , 1863.604
11272 , 753.012695 , 1862.21997
60929 , 746.115784 , 1866.12598
71132 , 754.297119 , 1874.82202
61415 , 747.209595 , 1870.98706
183 , 746.314819 , 1868.20801
118672 , 747.091125 , 1862.77502
86877 , 752.054382 , 1858.401
73526 , 749.161682 , 1876.552
11272 , 753.012695 , 1862.21997
45995 , 755.866577 , 1859.45605
24073 , 749.446228 , 1863.604
60929 , 746.115784 , 1866.12598
111355 , 758.698425 , 1870.70496
