100244 , 747.106628 , 1814.85999
17005 , 752.019897 , 1827.31799
32452 , 748.599121 , 1811.40198
105988 , 754.009583 , 1815.198
4043 , 747.617615 , 1809.22205
12452 , 750.74707 , 1820.79102
92470 , 759.074585 , 1817.14404
13525 , 744.956421 , 1813.73999
54274 , 746.71228 , 1820.60303
77800 , 758.038574 , 1822.323
72168 , 751.954529 , 1822.005
50076 , 757.598877 , 1815.59497
105691 , 749.675415 , 1818.90295
103678 , 759.036072 , 1818.823
36732 , 758.222229 , 1813.76501
57100 , 750.149414 , 1809.06006
5645 , 751.54187 , 1819.66199
36732 , 758.222229 , 1813.76501
13525 , 744.956421 , 1813.73999
77800 , 758.038574 , 1822.323
50076 , 757.598877 , 1815.59497
92470 , 759.074585 , 1817.14404
5645 , 751.54187 , 1819.66199
72168 , 751.954529 , 1822.005
4043 , 747.617615 , 1809.22205
12452 , 750.74707 , 1820.79102
54274 , 746.71228 , 1820.60303
57100 , 750.149414 , 1809.06006
32452 , 748.599121 , 1811.40198
105988 , 754.009583 , 1815.198
105691 , 749.675415 , 1818.90295
17005 , 752.019897 , 1827.31799
100244 , 747.106628 , 1814.85999
103678 , 759.036072 , 1818.823
