1174 , 775.450378 , 1552.92004
92364 , 775.797913 , 1542.40503
52662 , 767.847778 , 1541.35205
92648 , 774.263489 , 1553.85303
17599 , 774.203308 , 1558.27905
81612 , 768.856995 , 1549.78003
110244 , 770.750305 , 1542.21899
43087 , 770.020691 , 1546.51794
47958 , 772.889526 , 1545.08496
8337 , 770.642212 , 1553.43701
90314 , 766.631775 , 1551.15295
75372 , 761.955505 , 1547.05798
58533 , 775.831787 , 1545.87598
29531 , 766.757324 , 1555.302
14513 , 770.73053 , 1552.26904
68582 , 769.202026 , 1542.83606
2723 , 764.349426 , 1553.828
