67818 , 783.154419 , 1712.88904
14794 , 787.626282 , 1714.21704
7429 , 779.572693 , 1724.01099
46635 , 791.860229 , 1725.20105
15775 , 782.710815 , 1726.89099
33400 , 783.99823 , 1722.14697
30998 , 786.018372 , 1715.76099
78011 , 787.655396 , 1716.54199
46807 , 789.55957 , 1725.93506
3414 , 793.022583 , 1713.76294
46154 , 791.147278 , 1718.922
86241 , 788.793518 , 1730.80103
46807 , 789.55957 , 1725.93506
67818 , 783.154419 , 1712.88904
78011 , 787.655396 , 1716.54199
15775 , 782.710815 , 1726.89099
46154 , 791.147278 , 1718.922
14794 , 787.626282 , 1714.21704
46635 , 791.860229 , 1725.20105
30998 , 786.018372 , 1715.76099
33400 , 783.99823 , 1722.14697
86241 , 788.793518 , 1730.80103
7429 , 779.572693 , 1724.01099
3414 , 793.022583 , 1713.76294
