27767 , 791.797974 , 320.32019
31638 , 789.007385 , 319.913086
31623 , 791.663818 , 330.796906
98711 , 783.661072 , 324.476288
9274 , 779.794312 , 330.259705
18156 , 789.716309 , 335.531189
30287 , 786.379822 , 327.420013
5101 , 790.336121 , 334.015411
65168 , 791.761475 , 323.663513
54346 , 787.749512 , 332.249603
41295 , 788.740173 , 323.248413
10840 , 788.540894 , 329.477814
43788 , 783.507629 , 333.672302
77087 , 787.118774 , 322.418915
69721 , 789.937927 , 324.858612
20035 , 790.347412 , 324.041412
