117668 , 786.986023 , 1377.052
96413 , 791.703186 , 1381.98303
112030 , 783.654114 , 1380.32495
62187 , 788.173218 , 1371.27002
9827 , 779.615723 , 1374.40002
52644 , 787.665405 , 1373.11304
99534 , 779.392212 , 1369.901
33896 , 785.115601 , 1376.62903
75687 , 791.822815 , 1382.18298
95283 , 790.299377 , 1383.66699
57059 , 787.792908 , 1387.22803
104440 , 790.036987 , 1382.93799
61908 , 790.405273 , 1374.72998
26400 , 780.250427 , 1385.23096
112030 , 783.654114 , 1380.32495
26400 , 780.250427 , 1385.23096
99534 , 779.392212 , 1369.901
104440 , 790.036987 , 1382.93799
95283 , 790.299377 , 1383.66699
61908 , 790.405273 , 1374.72998
52644 , 787.665405 , 1373.11304
9827 , 779.615723 , 1374.40002
117668 , 786.986023 , 1377.052
62187 , 788.173218 , 1371.27002
75687 , 791.822815 , 1382.18298
57059 , 787.792908 , 1387.22803
33896 , 785.115601 , 1376.62903
96413 , 791.703186 , 1381.98303
