47410 , 784.778076 , 1338.58801
22191 , 782.288086 , 1330.76196
50115 , 790.585327 , 1339.20605
72792 , 790.461121 , 1329.84497
41770 , 779.28418 , 1331.77502
107531 , 786.712708 , 1321.04297
88266 , 781.694214 , 1328.44604
81502 , 788.186584 , 1321.85303
39558 , 785.037476 , 1334.98804
20671 , 784.443115 , 1323.20801
70840 , 781.213074 , 1334.78503
23809 , 780.544128 , 1320.271
319 , 787.028076 , 1336.37598
40030 , 785.148376 , 1331.18396
72792 , 790.461121 , 1329.84497
40030 , 785.148376 , 1331.18396
88266 , 781.694214 , 1328.44604
81502 , 788.186584 , 1321.85303
41770 , 779.28418 , 1331.77502
22191 , 782.288086 , 1330.76196
47410 , 784.778076 , 1338.58801
50115 , 790.585327 , 1339.20605
20671 , 784.443115 , 1323.20801
107531 , 786.712708 , 1321.04297
23809 , 780.544128 , 1320.271
39558 , 785.037476 , 1334.98804
70840 , 781.213074 , 1334.78503
319 , 787.028076 , 1336.37598
