5699 , 790.97699 , 1239.20496
107735 , 783.827698 , 1228.25696
34875 , 790.278198 , 1234.46399
16494 , 785.632629 , 1233.49597
27991 , 783.536926 , 1224.78699
78065 , 781.939575 , 1228.69104
79575 , 780.615417 , 1235.80701
45687 , 783.186584 , 1234.37195
36749 , 785.426819 , 1229.10901
118483 , 781.699219 , 1230.16797
42588 , 788.26709 , 1234.177
19980 , 786.610779 , 1226.20605
69958 , 785.066223 , 1236.83899
27991 , 783.536926 , 1224.78699
78065 , 781.939575 , 1228.69104
42588 , 788.26709 , 1234.177
36749 , 785.426819 , 1229.10901
45687 , 783.186584 , 1234.37195
107735 , 783.827698 , 1228.25696
19980 , 786.610779 , 1226.20605
118483 , 781.699219 , 1230.16797
34875 , 790.278198 , 1234.46399
69958 , 785.066223 , 1236.83899
79575 , 780.615417 , 1235.80701
16494 , 785.632629 , 1233.49597
5699 , 790.97699 , 1239.20496
