20825 , 79.4365768 , 1482.39001
60956 , 79.1677399 , 1470.95996
108902 , 79.3931427 , 1485.95801
65628 , 86.2053375 , 1473.91895
67443 , 83.1415863 , 1469.70605
96542 , 77.5713577 , 1471.14099
66657 , 83.7720795 , 1483.94495
29198 , 76.4906616 , 1470.90906
39017 , 77.7559128 , 1479.82703
45884 , 75.4070129 , 1472.02295
92258 , 78.2708969 , 1483.18799
17923 , 76.0151901 , 1479.651
38143 , 80.0736389 , 1468.68701
115622 , 79.4882431 , 1485.78406
45370 , 85.431633 , 1475.09204
45465 , 76.2754364 , 1470.396
75513 , 77.1928482 , 1469.21301
10781 , 87.4598083 , 1475.46594
12647 , 76.869339 , 1471.68701
29671 , 81.2544327 , 1482.70105
21032 , 80.2690964 , 1473.646
56240 , 82.9530182 , 1475.85803
