59139 , 824.049072 , 1519.15698
100124 , 815.473389 , 1519.27502
3892 , 818.719177 , 1527.83398
81189 , 823.461792 , 1530.28101
55687 , 812.154785 , 1531.01099
52387 , 820.299927 , 1531.95105
26736 , 817.225098 , 1532.86499
13567 , 822.399475 , 1533.11499
23796 , 822.973572 , 1521.03406
7987 , 818.274902 , 1530.26294
29966 , 815.583313 , 1518.53601
81189 , 823.461792 , 1530.28101
23796 , 822.973572 , 1521.03406
26736 , 817.225098 , 1532.86499
7987 , 818.274902 , 1530.26294
52387 , 820.299927 , 1531.95105
13567 , 822.399475 , 1533.11499
55687 , 812.154785 , 1531.01099
29966 , 815.583313 , 1518.53601
59139 , 824.049072 , 1519.15698
3892 , 818.719177 , 1527.83398
100124 , 815.473389 , 1519.27502
