35180 , 811.900574 , 1874.06201
104981 , 820.563171 , 1869.45398
13419 , 823.750977 , 1863.396
49294 , 815.730286 , 1857.39099
109862 , 822.792725 , 1862.83997
56662 , 822.837097 , 1864.40295
27272 , 817.549927 , 1877.47595
60213 , 820.194092 , 1876.58105
107011 , 822.850891 , 1868.69299
74401 , 820.381592 , 1866.80005
101735 , 811.785583 , 1857.72998
46498 , 815.384399 , 1861.97302
42861 , 811.602417 , 1875.08997
7144 , 815.473877 , 1868.953
101127 , 819.248718 , 1874.62
117659 , 823.331726 , 1861.48096
52288 , 819.281311 , 1877.33105
106554 , 820.958008 , 1870.75195
104981 , 820.563171 , 1869.45398
35180 , 811.900574 , 1874.06201
13419 , 823.750977 , 1863.396
101127 , 819.248718 , 1874.62
109862 , 822.792725 , 1862.83997
60213 , 820.194092 , 1876.58105
101735 , 811.785583 , 1857.72998
46498 , 815.384399 , 1861.97302
74401 , 820.381592 , 1866.80005
42861 , 811.602417 , 1875.08997
106554 , 820.958008 , 1870.75195
56662 , 822.837097 , 1864.40295
117659 , 823.331726 , 1861.48096
107011 , 822.850891 , 1868.69299
7144 , 815.473877 , 1868.953
52288 , 819.281311 , 1877.33105
27272 , 817.549927 , 1877.47595
49294 , 815.730286 , 1857.39099
