64752 , 823.031311 , 1821.24695
93273 , 816.014221 , 1827.41003
63689 , 822.513123 , 1814.53296
95246 , 819.913574 , 1816.61206
10976 , 813.210876 , 1821.11206
21374 , 822.865906 , 1821.80798
87965 , 813.826782 , 1823.31299
43509 , 824.384583 , 1818.69397
77617 , 816.526001 , 1822.70703
57681 , 814.400208 , 1828.05798
115917 , 825.248718 , 1825.26599
41832 , 823.981628 , 1823.48206
12823 , 819.836304 , 1817.41602
76248 , 818.672913 , 1823.26099
56247 , 823.626099 , 1816.10999
46108 , 814.562195 , 1815.46802
86310 , 819.559204 , 1824.97595
110550 , 814.128479 , 1825.81897
6027 , 822.942688 , 1820.16101
68431 , 820.606201 , 1815.84497
39044 , 815.268188 , 1817.27502
64719 , 821.458923 , 1820.30298
87965 , 813.826782 , 1823.31299
86310 , 819.559204 , 1824.97595
63689 , 822.513123 , 1814.53296
93273 , 816.014221 , 1827.41003
64752 , 823.031311 , 1821.24695
76248 , 818.672913 , 1823.26099
95246 , 819.913574 , 1816.61206
21374 , 822.865906 , 1821.80798
12823 , 819.836304 , 1817.41602
10976 , 813.210876 , 1821.11206
115917 , 825.248718 , 1825.26599
110550 , 814.128479 , 1825.81897
41832 , 823.981628 , 1823.48206
43509 , 824.384583 , 1818.69397
39044 , 815.268188 , 1817.27502
77617 , 816.526001 , 1822.70703
46108 , 814.562195 , 1815.46802
64719 , 821.458923 , 1820.30298
57681 , 814.400208 , 1828.05798
56247 , 823.626099 , 1816.10999
68431 , 820.606201 , 1815.84497
6027 , 822.942688 , 1820.16101
