23718 , 819.394714 , 1913.21899
6654 , 822.094727 , 1911.68799
54864 , 822.742126 , 1909.30701
2829 , 811.750305 , 1908.604
116269 , 817.284973 , 1921.14697
33024 , 813.099976 , 1906.18701
92562 , 820.599121 , 1915.15601
81909 , 813.90863 , 1914.30798
66921 , 821.300171 , 1908.52197
104679 , 818.631104 , 1915.89905
98076 , 816.568726 , 1906.65295
30052 , 822.830383 , 1907.48706
104679 , 818.631104 , 1915.89905
33024 , 813.099976 , 1906.18701
116269 , 817.284973 , 1921.14697
6654 , 822.094727 , 1911.68799
81909 , 813.90863 , 1914.30798
92562 , 820.599121 , 1915.15601
66921 , 821.300171 , 1908.52197
2829 , 811.750305 , 1908.604
30052 , 822.830383 , 1907.48706
98076 , 816.568726 , 1906.65295
23718 , 819.394714 , 1913.21899
54864 , 822.742126 , 1909.30701
