1237648674520629476 , 813.805908 , 1129.67297
1237650011315044497 , 839.618774 , 1106.72595
1237646646747136569 , 819.694824 , 1154.62
1237646792768226014 , 828.525574 , 1130.724
1237648672903397899 , 823.372681 , 1174.09998
1237648672920372123 , 802.419922 , 1143.224
1237646553320981207 , 833.531982 , 1165.13501
1237646586103660892 , 802.182373 , 1172.453
1237648673457308544 , 829.091492 , 1106.255
1237649808908484937 , 828.145508 , 1126.65503
1237649954405614303 , 839.437317 , 1173.48096
1237645877940256960 , 803.227173 , 1160.91003
1237648673996015429 , 793.939087 , 1138.24597
1237649862592037303 , 825.319214 , 1155.651
1237649952794673736 , 803.074219 , 1125.14905
1237646707418858255 , 835.655884 , 1145.44299
1237649796020306608 , 845.254517 , 1125.79395
1237648704565674590 , 835.15918 , 1172.16797
1237649865286549998 , 807.489929 , 1119.87903
1237649962454942217 , 795.598877 , 1171.96899
1237646708501382408 , 806.089294 , 1100.41699
1237648596115129356 , 810.103821 , 1110.06299
1237649909849063755 , 812.221497 , 1156.06104
1237648703511331766 , 793.242126 , 1160.87305
1237649928637448555 , 809.116821 , 1150.03601
1237649807841427887 , 826.023926 , 1103.13196
1237646705810473163 , 846.530823 , 1115.67798
1237650013994877910 , 820.495483 , 1133.41504
1237646505003843772 , 795.543396 , 1116.20801
1237648704574784216 , 821.841492 , 1165.26697
1237646646739010292 , 821.183594 , 1150.578
1237648598261891158 , 833.989685 , 1122.49597
1237646646229795687 , 814.310974 , 1162.92798
1237645879020487188 , 825.44458 , 1144.40503
1237646792764032271 , 836.794128 , 1169.57495
1237645879019241973 , 841.430786 , 1122.92102
1237646706886771865 , 843.352417 , 1124.28406
1237646707962807562 , 840.604187 , 1169.22595
1237648720135061929 , 839.641602 , 1121.64795
1237646793310407030 , 809.326477 , 1171.57703
1237646586636600061 , 830.956726 , 1101.00098
1237646547426738335 , 807.637329 , 1099.62695
1237649770797990639 , 798.554504 , 1172.67102
1237646546894651711 , 808.320618 , 1113.20496
1237646708498171315 , 808.394287 , 1121.14905
1237646586620674493 , 841.196777 , 1158.578
1237649911985341328 , 839.951721 , 1150.39697
1237649808906847209 , 810.242126 , 1116.95203
1237649953871954265 , 792.215088 , 1112.55005
1237648675608266132 , 833.078979 , 1165.86499
1237646549585298016 , 819.076172 , 1168.677
1237649910912647596 , 842.191589 , 1160.68604
1237649963536417614 , 795.311279 , 1147.45105
1237646707937575371 , 843.144226 , 1115.10303
1237646547431981455 , 802.646912 , 1147.80798
1237649940439238328 , 842.35968 , 1162.02795
1237649911987306856 , 818.893982 , 1138.63403
1237648704048137010 , 816.111572 , 1160.75598
1237649873872355383 , 837.660095 , 1129.63904
1237649918429627292 , 790.997925 , 1105.99695
1237648705675461876 , 816.404114 , 1138.15198
1237649928092320176 , 792.650818 , 1131.32495
1237646574794113434 , 796.253174 , 1128.83105
1237646794377724380 , 801.87323 , 1175.05396
1237649929166913860 , 801.180115 , 1098.10803
1237649770261382090 , 811.041016 , 1167.92004
1237648702962008262 , 801.480591 , 1165.63599
1237645877405483663 , 844.573975 , 1114.776
1237648722279203437 , 845.796326 , 1140.67603
1237646548488290678 , 799.663574 , 1141.33301
1237646708498105118 , 805.030884 , 1097.23804
1237645879025271719 , 839.596985 , 1152.18994
1237646587691336358 , 811.417786 , 1123.39905
1237648704049447718 , 815.21167 , 1115.18604
1237646791694681938 , 815.486694 , 1130.94995
1237650014526636636 , 839.312012 , 1148.34705
1237646708479426801 , 835.851196 , 1124.04395
1237648702989272114 , 839.809875 , 1136.20105
1237646548496286089 , 804.284424 , 1126.63306
1237648704565346780 , 800.343384 , 1139.573
1237646707941638570 , 823.155396 , 1129.89294
1237648722862080878 , 819.651123 , 1139.12695
1237646547434406431 , 835.952576 , 1146.64294
1237648722845434040 , 832.336182 , 1117.19202
1237650009705152979 , 832.304504 , 1155.401
1237648673429259090 , 831.179382 , 1099.07397
1237646794375300371 , 841.32843 , 1138.55396
1237648675597320498 , 812.135681 , 1158.16003
1237648674501689740 , 841.774414 , 1161.54797
1237648705139377050 , 795.835999 , 1113.33203
1237646510910866042 , 815.151123 , 1176.54504
1237648704604078822 , 841.176392 , 1142.16199
1237649743942648948 , 794.875916 , 1159.50903
1237649927022838329 , 795.157715 , 1098.50098
1237648704568426926 , 804.023926 , 1109.17798
1237649955470836328 , 793.784912 , 1111.60498
1237646798135298004 , 802.447388 , 1166.33203
1237650014527095378 , 827.101379 , 1170.31799
1237648721785914115 , 819.744873 , 1100.19995
1237649912525816947 , 801.24823 , 1139.60706
1237646706867044917 , 823.628418 , 1107.81702
1237646509300384033 , 793.895813 , 1110.09998
1237646586632668345 , 807.818481 , 1102.41797
1237649806758380263 , 825.983215 , 1158.90295
1237649807838609464 , 822.915588 , 1175.46106
1237650005935522825 , 806.146729 , 1109.51501
1237646587679801554 , 828.076477 , 1173.99194
1237648704040272835 , 829.471497 , 1141.10999
1237649865285894230 , 841.724182 , 1154.70703
1237646793844067317 , 838.365479 , 1148.70898
1237649920036962892 , 803.272583 , 1170.74402
1237649929706078598 , 793.473083 , 1122.33899
1237646793838232266 , 830.525085 , 1142.21399
1237646587680063762 , 812.469604 , 1150.97302
1237649768639824505 , 815.8526 , 1149.17896
1237650005399306738 , 813.841309 , 1104.91394
1237648703528764982 , 835.943604 , 1108.03601
1237649806757594297 , 844.332581 , 1118.974
1237649862598197373 , 817.226379 , 1167.90405
1237646586629063274 , 846.348877 , 1171.94299
1237646586622443578 , 831.039673 , 1134.099
1237646708487094637 , 843.981628 , 1155.40002
1237648705134461240 , 836.574097 , 1100.53101
1237648674500313975 , 834.620789 , 1102.34399
1237646547414156176 , 840.560181 , 1140.13794
1237646587172947232 , 835.045471 , 1145.69995
1237649808378299055 , 838.837402 , 1098.45605
1237646587689173945 , 831.63562 , 1138.38696
1237649872795402881 , 824.862915 , 1138.875
1237646798139557017 , 804.57843 , 1160.97205
1237650008622235823 , 840.503479 , 1133.21204
1237650009157206189 , 811.02301 , 1128.94299
1237648703520506179 , 832.567871 , 1101.85205
1237648722291654722 , 814.965088 , 1122.979
1237646645690696682 , 805.548279 , 1116.14697
1237649809445487598 , 806.420776 , 1115.41797
1237648673443808291 , 795.072571 , 1151.94104
1237649796557046355 , 836.695007 , 1148.33203
1237648675582640711 , 820.061218 , 1137.53198
1237648675600204253 , 821.786072 , 1097.03101
1237648705133347675 , 822.045105 , 1161.37195
1237646797602358460 , 820.324585 , 1130.67798
1237646510910144879 , 804.610596 , 1156.72803
1237646798134969595 , 811.323181 , 1164.67505
1237649961918137086 , 842.11377 , 1106.60596
1237645879020224973 , 838.834229 , 1135.20398
1237649955479749332 , 826.669617 , 1144.44495
1237646504465269163 , 822.169128 , 1110.23999
1237646705801888171 , 825.309814 , 1099.21106
1237646750887182847 , 810.556274 , 1128.698
1237646750361911787 , 823.806824 , 1161.948
1237649919500943766 , 842.999329 , 1146.52795
1237646748746974020 , 827.026184 , 1161.55396
1237646587712701336 , 823.455078 , 1113.27295
1237646798132348044 , 820.640381 , 1171.15503
1237648703514214628 , 828.254883 , 1139.00098
1237649909836743537 , 837.655884 , 1138.53406
1237646646747070988 , 797.249573 , 1158.62903
1237649871189639266 , 831.259705 , 1173.23804
1237648673970324363 , 807.771423 , 1131.63599
1237648672914015344 , 839.809509 , 1171.54895
1237646586103400624 , 822.09082 , 1148.60303
1237648675070740427 , 838.289429 , 1167.20996
1237648704044663496 , 812.013977 , 1130.08203
1237648702973084592 , 830.490906 , 1142.44202
1237646547413500453 , 811.701416 , 1145.20203
1237646587167638261 , 841.800171 , 1110.36694
1237649911451091413 , 805.518677 , 1134.91199
1237649920044958458 , 800.053589 , 1096.71399
1237649928636269305 , 799.446411 , 1099.23096
1237648672914145447 , 830.655518 , 1156.63599
1237648704566723335 , 800.131714 , 1138.54395
1237646706883495326 , 838.81427 , 1159.12695
1237645877414068938 , 806.126526 , 1137.20105
1237646586640532336 , 839.4375 , 1112.64197
1237649962456908376 , 835.101013 , 1147.02295
1237648705139377459 , 813.094482 , 1102.18701
1237649918968988292 , 835.504883 , 1151.89099
1237648673441055306 , 820.514526 , 1124.23303
1237649770252143245 , 803.995117 , 1110.71399
1237646503931871616 , 792.23053 , 1132.03601
1237646707409813963 , 841.269897 , 1136.32898
1237649826626076894 , 841.533386 , 1120.73499
1237646705791139962 , 834.525818 , 1114.04602
1237649911993991404 , 844.646973 , 1132.15796
1237648675586048592 , 802.582886 , 1170.72205
1237648704562266677 , 815.066711 , 1124.66394
1237646549046329882 , 827.673523 , 1117.31006
1237649823939297957 , 800.936218 , 1121.75696
1237646586077577862 , 837.7854 , 1164.56995
1237646706883298210 , 793.875916 , 1111.27197
1237645877937570218 , 805.051514 , 1133.20898
1237649910373482641 , 828.98938 , 1107.56897
1237646648362074645 , 813.188721 , 1174.42297
1237645877400830375 , 840.326416 , 1149.78296
1237646503935803794 , 827.825684 , 1150.78796
1237649962988929395 , 830.70282 , 1138.026
1237645877415117402 , 801.640625 , 1129.36401
1237646586070433845 , 828.705872 , 1115.42896
1237649963534451104 , 830.995789 , 1169.39905
1237646646219506384 , 842.967102 , 1106.51697
1237646647298426064 , 814.731506 , 1139.72302
1237646547441615006 , 794.253418 , 1161.80103
1237649823937397015 , 842.457581 , 1157.81897
1237646586617201391 , 819.803589 , 1097.16504
1237649909836481431 , 815.093506 , 1159.78101
1237648673438237206 , 790.677917 , 1158.07202
1237646588243477427 , 797.088684 , 1169.94104
1237650009701220785 , 800.35553 , 1114.17603
1237646647273979950 , 803.109314 , 1171.53503
1237649742336688298 , 813.119629 , 1143.79797
1237646504463827416 , 799.614319 , 1111.18298
1237646791695991038 , 810.771973 , 1168.5
1237648705124696878 , 827.493286 , 1177.02295
1237648702985143418 , 798.97522 , 1172.12805
1237645879022584648 , 822.193726 , 1112.93701
1237648722837307617 , 793.642273 , 1160.91895
