119095 , 813.092285 , 1388.78003
8801 , 818.126099 , 1371.68701
59168 , 819.373596 , 1387.60596
48557 , 816.443787 , 1374.38794
77726 , 825.223816 , 1373.47205
72798 , 818.733826 , 1384.24597
31915 , 818.994507 , 1374.45898
13599 , 814.385681 , 1381.177
56363 , 821.59082 , 1374.026
113779 , 823.797729 , 1384.05603
98036 , 814.865417 , 1386.526
66501 , 816.463928 , 1388.45703
113387 , 823.875977 , 1373.34204
77754 , 821.900879 , 1371.99402
77726 , 825.223816 , 1373.47205
48557 , 816.443787 , 1374.38794
77754 , 821.900879 , 1371.99402
113387 , 823.875977 , 1373.34204
8801 , 818.126099 , 1371.68701
31915 , 818.994507 , 1374.45898
66501 , 816.463928 , 1388.45703
113779 , 823.797729 , 1384.05603
72798 , 818.733826 , 1384.24597
98036 , 814.865417 , 1386.526
59168 , 819.373596 , 1387.60596
119095 , 813.092285 , 1388.78003
56363 , 821.59082 , 1374.026
13599 , 814.385681 , 1381.177
