96754 , 813.225403 , 1473.87195
65440 , 811.507812 , 1482.01196
52376 , 817.0849 , 1475.96899
19233 , 812.852783 , 1476.98706
116378 , 821.352722 , 1470.15198
30020 , 817.477722 , 1468.97205
92548 , 824.765015 , 1474.198
76788 , 811.505188 , 1470.854
115440 , 819.514282 , 1482.71899
114816 , 822.69519 , 1472.849
94266 , 814.577026 , 1475.90198
81930 , 822.013916 , 1467.47095
29265 , 823.180725 , 1479.59094
108169 , 811.597595 , 1478.89502
19233 , 812.852783 , 1476.98706
92548 , 824.765015 , 1474.198
29265 , 823.180725 , 1479.59094
65440 , 811.507812 , 1482.01196
94266 , 814.577026 , 1475.90198
52376 , 817.0849 , 1475.96899
30020 , 817.477722 , 1468.97205
115440 , 819.514282 , 1482.71899
96754 , 813.225403 , 1473.87195
116378 , 821.352722 , 1470.15198
81930 , 822.013916 , 1467.47095
114816 , 822.69519 , 1472.849
108169 , 811.597595 , 1478.89502
76788 , 811.505188 , 1470.854
