44050 , 821.143921 , 1955.89795
98877 , 817.744507 , 1964.52002
38796 , 816.354004 , 1963.63196
45269 , 817.774719 , 1974.27502
72846 , 824.027283 , 1968.02502
35903 , 816.481018 , 1965.16101
58581 , 812.180481 , 1964.85095
53309 , 815.370972 , 1955.47498
5594 , 813.890991 , 1966.276
7326 , 823.152283 , 1975.24597
73676 , 818.389221 , 1970.03796
82474 , 812.49292 , 1975.16699
58908 , 824.137512 , 1959.52795
107181 , 817.826172 , 1968.078
48195 , 821.342712 , 1963.96997
44258 , 814.207214 , 1965.81006
19920 , 813.549072 , 1956.30298
38796 , 816.354004 , 1963.63196
72846 , 824.027283 , 1968.02502
45269 , 817.774719 , 1974.27502
44258 , 814.207214 , 1965.81006
53309 , 815.370972 , 1955.47498
35903 , 816.481018 , 1965.16101
107181 , 817.826172 , 1968.078
73676 , 818.389221 , 1970.03796
5594 , 813.890991 , 1966.276
82474 , 812.49292 , 1975.16699
48195 , 821.342712 , 1963.96997
58581 , 812.180481 , 1964.85095
44050 , 821.143921 , 1955.89795
19920 , 813.549072 , 1956.30298
58908 , 824.137512 , 1959.52795
98877 , 817.744507 , 1964.52002
7326 , 823.152283 , 1975.24597
