53640 , 831.922424 , 218.413406
10646 , 835.620728 , 215.937302
117897 , 838.395325 , 210.852203
39246 , 841.233826 , 207.052094
18797 , 828.67981 , 213.430801
13185 , 833.596619 , 200.8452
45970 , 841.718079 , 217.651093
98486 , 832.236206 , 214.199707
107393 , 830.84552 , 215.641403
3180 , 840.741089 , 206.368393
3410 , 841.236511 , 211.843506
96049 , 836.840027 , 204.385101
100010 , 841.100525 , 200.694199
35158 , 833.849976 , 214.266006
74543 , 836.977173 , 217.805801
76152 , 840.658081 , 216.703995
25516 , 840.204224 , 210.548996
112412 , 834.314087 , 217.428299
15781 , 839.849426 , 217.449997
