9154 , 841.666321 , 592.094482
118025 , 830.374512 , 577.851379
36015 , 833.921204 , 595.81781
76195 , 834.5 , 582.678223
63851 , 831.527771 , 586.959412
6533 , 838.823975 , 591.128723
96456 , 840.414185 , 584.16748
91534 , 840.813477 , 580.036926
18150 , 833.864502 , 598.117676
32271 , 841.676392 , 582.479126
117483 , 831.051392 , 581.301514
64364 , 833.66748 , 580.759583
56580 , 833.467285 , 583.960388
89085 , 836.063477 , 588.198975
92404 , 828.900574 , 579.670227
2249 , 830.392212 , 590.358826
110444 , 828.591187 , 589.684998
23345 , 839.160706 , 592.121216
33568 , 832.732605 , 588.680786
20748 , 840.020386 , 583.486328
104745 , 841.608887 , 580.518005
