75542 , 855.15802 , 1674.54395
53178 , 847.43927 , 1664.43896
54036 , 849.570801 , 1664.62903
80712 , 851.850525 , 1682.30396
70575 , 853.299683 , 1678.59094
78826 , 845.128479 , 1662.87903
17449 , 850.28717 , 1676.99695
36480 , 845.190308 , 1668.26099
12157 , 857.057678 , 1672.54395
59964 , 852.492126 , 1671.32202
8978 , 856.086914 , 1670.56494
80712 , 851.850525 , 1682.30396
78826 , 845.128479 , 1662.87903
36480 , 845.190308 , 1668.26099
12157 , 857.057678 , 1672.54395
75542 , 855.15802 , 1674.54395
70575 , 853.299683 , 1678.59094
59964 , 852.492126 , 1671.32202
8978 , 856.086914 , 1670.56494
17449 , 850.28717 , 1676.99695
54036 , 849.570801 , 1664.62903
53178 , 847.43927 , 1664.43896
