28072 , 847.702576 , 382.031891
16485 , 844.454224 , 366.952911
40694 , 852.264404 , 377.197693
115924 , 853.565491 , 386.347412
54124 , 850.803528 , 382.024109
87741 , 856.596497 , 366.389709
43408 , 848.240173 , 379.772186
95119 , 846.144714 , 377.529907
98654 , 844.720825 , 369.359009
53828 , 848.268188 , 375.053589
58420 , 855.743225 , 367.559998
64939 , 848.35498 , 378.33551
37681 , 850.65509 , 376.628998
75255 , 847.947998 , 381.338989
83939 , 853.862488 , 372.075806
55371 , 853.700623 , 379.437012
34404 , 858.053772 , 370.934998
82330 , 853.666382 , 382.035492
91058 , 849.85498 , 367.213013
65688 , 849.920471 , 366.847412
45296 , 849.004211 , 385.993896
55371 , 853.700623 , 379.437012
91058 , 849.85498 , 367.213013
95119 , 846.144714 , 377.529907
34404 , 858.053772 , 370.934998
37681 , 850.65509 , 376.628998
83939 , 853.862488 , 372.075806
87741 , 856.596497 , 366.389709
54124 , 850.803528 , 382.024109
16485 , 844.454224 , 366.952911
98654 , 844.720825 , 369.359009
82330 , 853.666382 , 382.035492
58420 , 855.743225 , 367.559998
40694 , 852.264404 , 377.197693
45296 , 849.004211 , 385.993896
75255 , 847.947998 , 381.338989
53828 , 848.268188 , 375.053589
28072 , 847.702576 , 382.031891
64939 , 848.35498 , 378.33551
115924 , 853.565491 , 386.347412
65688 , 849.920471 , 366.847412
43408 , 848.240173 , 379.772186
