31080 , 854.193726 , 1369.49902
111896 , 847.84259 , 1386.31104
15304 , 857.24353 , 1386.01294
1293 , 857.950623 , 1372.17297
99061 , 851.857117 , 1378.84204
5446 , 854.63623 , 1372.43799
80839 , 856.344177 , 1370.75
102001 , 856.335999 , 1373.24304
24454 , 844.361023 , 1379.67505
117745 , 854.746277 , 1386.48999
21389 , 845.655701 , 1384.06201
110485 , 855.049377 , 1385.07898
37216 , 856.955688 , 1370.76196
99714 , 850.400024 , 1382.45801
59376 , 846.884583 , 1377.22705
54961 , 851.819885 , 1385.06494
31080 , 854.193726 , 1369.49902
15304 , 857.24353 , 1386.01294
21389 , 845.655701 , 1384.06201
5446 , 854.63623 , 1372.43799
54961 , 851.819885 , 1385.06494
111896 , 847.84259 , 1386.31104
80839 , 856.344177 , 1370.75
99714 , 850.400024 , 1382.45801
99061 , 851.857117 , 1378.84204
102001 , 856.335999 , 1373.24304
24454 , 844.361023 , 1379.67505
110485 , 855.049377 , 1385.07898
1293 , 857.950623 , 1372.17297
59376 , 846.884583 , 1377.22705
117745 , 854.746277 , 1386.48999
37216 , 856.955688 , 1370.76196
