84211 , 851.604187 , 605.996094
104485 , 845.188721 , 610.953003
110022 , 851.304688 , 605.994324
70630 , 856.732178 , 618.667725
79433 , 852.066895 , 613.578674
61339 , 853.094421 , 605.732483
101606 , 847.869873 , 604.753113
115913 , 845.409729 , 606.78363
19592 , 852.853821 , 620.18573
2260 , 853.138123 , 613.049683
28197 , 854.722473 , 616.876587
7831 , 853.410706 , 605.922485
61522 , 852.32373 , 614.095398
99979 , 857.039124 , 620.148926
101725 , 849.055725 , 612.393677
82986 , 858.363586 , 602.585815
66858 , 853.526611 , 608.67511
1154 , 845.71283 , 619.391113
79433 , 852.066895 , 613.578674
110022 , 851.304688 , 605.994324
104485 , 845.188721 , 610.953003
28197 , 854.722473 , 616.876587
101725 , 849.055725 , 612.393677
84211 , 851.604187 , 605.996094
99979 , 857.039124 , 620.148926
1154 , 845.71283 , 619.391113
61339 , 853.094421 , 605.732483
2260 , 853.138123 , 613.049683
82986 , 858.363586 , 602.585815
115913 , 845.409729 , 606.78363
70630 , 856.732178 , 618.667725
101606 , 847.869873 , 604.753113
7831 , 853.410706 , 605.922485
19592 , 852.853821 , 620.18573
66858 , 853.526611 , 608.67511
61522 , 852.32373 , 614.095398
