43055 , 844.811584 , 661.838318
26259 , 855.375305 , 649.351685
109326 , 851.881226 , 662.737488
87234 , 858.153381 , 654.630676
6070 , 844.987122 , 659.282471
35792 , 850.420715 , 669.188171
75907 , 848.788086 , 653.117981
27261 , 844.40387 , 650.675903
63217 , 846.738708 , 657.563477
112395 , 847.630005 , 666.919128
113812 , 844.432922 , 661.277283
16182 , 845.434509 , 667.969421
57736 , 848.681091 , 664.325378
72975 , 856.043091 , 655.768494
60039 , 855.850891 , 668.985779
108871 , 847.122009 , 657.467896
9569 , 852.693726 , 655.069824
90206 , 848.49707 , 662.666321
71698 , 852.509583 , 665.856018
93645 , 856.588684 , 667.483887
57736 , 848.681091 , 664.325378
109326 , 851.881226 , 662.737488
112395 , 847.630005 , 666.919128
63217 , 846.738708 , 657.563477
90206 , 848.49707 , 662.666321
93645 , 856.588684 , 667.483887
87234 , 858.153381 , 654.630676
75907 , 848.788086 , 653.117981
26259 , 855.375305 , 649.351685
60039 , 855.850891 , 668.985779
16182 , 845.434509 , 667.969421
35792 , 850.420715 , 669.188171
27261 , 844.40387 , 650.675903
113812 , 844.432922 , 661.277283
9569 , 852.693726 , 655.069824
72975 , 856.043091 , 655.768494
71698 , 852.509583 , 665.856018
43055 , 844.811584 , 661.838318
108871 , 847.122009 , 657.467896
6070 , 844.987122 , 659.282471
