114671 , 851.203491 , 754.77832
32407 , 851.34552 , 752.661987
50827 , 844.506714 , 756.875977
90610 , 855.431396 , 749.521423
14056 , 852.214478 , 754.774475
111952 , 845.674622 , 763.451782
28132 , 844.815125 , 762.22937
106463 , 853.430176 , 764.015076
7148 , 850.67627 , 754.555725
29001 , 858.305176 , 758.495728
90788 , 853.679077 , 748.375488
28154 , 850.793518 , 749.616699
42872 , 856.57959 , 760.116272
100216 , 857.902527 , 747.580688
106160 , 850.821777 , 758.694214
52726 , 852.369202 , 763.614929
114837 , 858.197083 , 760.364075
34743 , 846.593201 , 760.55249
69036 , 853.414124 , 747.46521
37510 , 853.146729 , 765.28363
8507 , 844.78302 , 757.643372
114671 , 851.203491 , 754.77832
90788 , 853.679077 , 748.375488
28154 , 850.793518 , 749.616699
37510 , 853.146729 , 765.28363
111952 , 845.674622 , 763.451782
8507 , 844.78302 , 757.643372
106160 , 850.821777 , 758.694214
7148 , 850.67627 , 754.555725
106463 , 853.430176 , 764.015076
29001 , 858.305176 , 758.495728
114837 , 858.197083 , 760.364075
32407 , 851.34552 , 752.661987
42872 , 856.57959 , 760.116272
28132 , 844.815125 , 762.22937
100216 , 857.902527 , 747.580688
52726 , 852.369202 , 763.614929
14056 , 852.214478 , 754.774475
34743 , 846.593201 , 760.55249
90610 , 855.431396 , 749.521423
69036 , 853.414124 , 747.46521
50827 , 844.506714 , 756.875977
