118878 , 844.957275 , 1766.36206
74846 , 853.699585 , 1771.81396
91511 , 849.275818 , 1763.24902
326 , 849.584595 , 1773.698
24364 , 844.854614 , 1780.29199
77441 , 853.091675 , 1775.38306
40990 , 855.840515 , 1766.99695
64394 , 854.578613 , 1760.61096
11752 , 851.644714 , 1779.71704
9356 , 846.136292 , 1773.72705
107628 , 845.394897 , 1771.10803
79276 , 856.083374 , 1768.67004
102081 , 850.370178 , 1762.96802
105348 , 858.048889 , 1768.495
92822 , 845.7854 , 1769.97998
86500 , 848.156677 , 1764.41003
85984 , 855.310791 , 1769.53796
40990 , 855.840515 , 1766.99695
105348 , 858.048889 , 1768.495
86500 , 848.156677 , 1764.41003
102081 , 850.370178 , 1762.96802
64394 , 854.578613 , 1760.61096
74846 , 853.699585 , 1771.81396
9356 , 846.136292 , 1773.72705
118878 , 844.957275 , 1766.36206
79276 , 856.083374 , 1768.67004
85984 , 855.310791 , 1769.53796
107628 , 845.394897 , 1771.10803
77441 , 853.091675 , 1775.38306
92822 , 845.7854 , 1769.97998
11752 , 851.644714 , 1779.71704
24364 , 844.854614 , 1780.29199
326 , 849.584595 , 1773.698
91511 , 849.275818 , 1763.24902
