7814 , 850.746521 , 1031.18604
114554 , 854.033508 , 1049.66699
110582 , 848.142029 , 1038.25
52230 , 856.211975 , 1029.99695
115146 , 849.057373 , 1035.77905
27514 , 854.279114 , 1037.88501
86823 , 846.681213 , 1030.57605
100985 , 857.206726 , 1037.047
46916 , 844.442993 , 1046.65503
20006 , 848.762024 , 1048.74402
61009 , 848.750488 , 1044.57104
84130 , 853.901611 , 1043.66394
24690 , 856.545898 , 1038.33606
11846 , 853.263428 , 1036.44897
81515 , 857.656616 , 1035.16895
12568 , 845.305908 , 1032.96497
81515 , 857.656616 , 1035.16895
114554 , 854.033508 , 1049.66699
12568 , 845.305908 , 1032.96497
110582 , 848.142029 , 1038.25
7814 , 850.746521 , 1031.18604
11846 , 853.263428 , 1036.44897
52230 , 856.211975 , 1029.99695
100985 , 857.206726 , 1037.047
115146 , 849.057373 , 1035.77905
61009 , 848.750488 , 1044.57104
27514 , 854.279114 , 1037.88501
84130 , 853.901611 , 1043.66394
20006 , 848.762024 , 1048.74402
24690 , 856.545898 , 1038.33606
86823 , 846.681213 , 1030.57605
46916 , 844.442993 , 1046.65503
