21272 , 851.735413 , 1857.47095
63702 , 857.133179 , 1872.95898
112885 , 858.134521 , 1871.53101
111360 , 849.842102 , 1864.47095
75966 , 849.66217 , 1868.56006
103192 , 856.249878 , 1857.51904
82038 , 844.321411 , 1877.63403
34649 , 844.978821 , 1868.60901
27241 , 846.013 , 1875.10999
113420 , 856.422119 , 1876.41895
115708 , 857.054504 , 1872.88599
116685 , 845.533386 , 1863.10205
93989 , 857.13208 , 1870.79395
107524 , 851.990417 , 1861.95996
103932 , 855.598816 , 1869.98901
15677 , 853.138916 , 1861.49402
9996 , 854.091675 , 1874.87
14436 , 849.855408 , 1863.146
77918 , 850.292908 , 1863.96997
59017 , 848.511719 , 1868.00195
103932 , 855.598816 , 1869.98901
27241 , 846.013 , 1875.10999
115708 , 857.054504 , 1872.88599
112885 , 858.134521 , 1871.53101
75966 , 849.66217 , 1868.56006
14436 , 849.855408 , 1863.146
59017 , 848.511719 , 1868.00195
93989 , 857.13208 , 1870.79395
82038 , 844.321411 , 1877.63403
113420 , 856.422119 , 1876.41895
116685 , 845.533386 , 1863.10205
34649 , 844.978821 , 1868.60901
103192 , 856.249878 , 1857.51904
21272 , 851.735413 , 1857.47095
107524 , 851.990417 , 1861.95996
9996 , 854.091675 , 1874.87
77918 , 850.292908 , 1863.96997
111360 , 849.842102 , 1864.47095
63702 , 857.133179 , 1872.95898
15677 , 853.138916 , 1861.49402
