79753 , 889.716003 , 135.098999
103101 , 883.012512 , 142.957504
47872 , 881.300415 , 147.194
117944 , 885.979675 , 132.281693
46819 , 877.648315 , 137.276505
1857 , 879.182678 , 145.017303
25563 , 889.116272 , 140.884903
23561 , 879.637329 , 132.006897
58135 , 885.941528 , 135.387802
80287 , 882.229004 , 137.968094
64586 , 885.819397 , 149.159302
64129 , 885.953796 , 133.538803
96337 , 891.065308 , 131.160202
95642 , 885.787415 , 140.462906
98296 , 891.468994 , 131.2789
97920 , 882.196472 , 145.948898
41238 , 885.210083 , 144.759293
46819 , 877.648315 , 137.276505
97920 , 882.196472 , 145.948898
80287 , 882.229004 , 137.968094
47872 , 881.300415 , 147.194
58135 , 885.941528 , 135.387802
117944 , 885.979675 , 132.281693
95642 , 885.787415 , 140.462906
64586 , 885.819397 , 149.159302
25563 , 889.116272 , 140.884903
64129 , 885.953796 , 133.538803
98296 , 891.468994 , 131.2789
1857 , 879.182678 , 145.017303
41238 , 885.210083 , 144.759293
103101 , 883.012512 , 142.957504
96337 , 891.065308 , 131.160202
23561 , 879.637329 , 132.006897
79753 , 889.716003 , 135.098999
