1237645879026450987 , 881.025574 , 333.739807
1237646547974226316 , 875.75293 , 288.015015
1237648703506087995 , 895.742981 , 267.493896
1237648721788404586 , 889.256775 , 326.436615
1237646707413287116 , 923.062622 , 306.258698
1237649921117782746 , 892.250122 , 278.299805
1237649825551352587 , 928.143616 , 331.167694
1237649812127089116 , 909.989319 , 313.141815
1237646586628407816 , 906.54718 , 319.588593
1237646552247501165 , 920.594482 , 292.748291
1237646547436110172 , 892.091675 , 324.676605
1237649768649065377 , 878.160278 , 341.63501
1237648675064185989 , 892.200684 , 311.835602
1237646798132283671 , 916.566589 , 300.786896
1237648704069501857 , 928.428894 , 303.882813
1237646792237057180 , 897.974426 , 299.337494
1237649921114308952 , 905.473022 , 332.243408
1237649939904397576 , 907.856628 , 339.030304
1237648705107133202 , 916.723877 , 273.405914
1237649940442776156 , 876.651672 , 299.495911
1237649769181547002 , 914.718872 , 312.025604
1237648702995824902 , 876.317017 , 311.479797
1237646647301636762 , 874.783813 , 290.756287
1237648702974591909 , 890.157227 , 282.755798
1237646794377922114 , 878.01947 , 340.40271
1237646748746449674 , 911.143921 , 326.965912
1237646551711614715 , 910.666199 , 300.351715
1237649770794583194 , 889.777222 , 337.340698
1237649743406498033 , 882.834229 , 269.259491
1237646748748743727 , 900.343994 , 317.674713
1237645877414658613 , 923.906677 , 280.255005
1237649912527258270 , 929.718994 , 340.759796
1237648595579830943 , 909.77832 , 289.348206
1237646645688009491 , 905.000305 , 278.824005
1237648674526201078 , 874.059692 , 287.392487
1237646587175371039 , 912.51532 , 333.700592
1237646510372225579 , 925.259399 , 270.990204
1237645877403386057 , 899.136414 , 303.761505
1237650013994681198 , 888.919922 , 336.713409
1237646797062342502 , 927.710388 , 303.255798
1237648675061564603 , 909.453918 , 278.85791
1237649872262726174 , 879.092529 , 302.902588
1237649873872487076 , 904.144409 , 291.063812
1237646647833920633 , 876.950378 , 268.622986
1237649818034831996 , 912.247986 , 321.2388
1237646647814521652 , 906.409973 , 335.623413
1237649768107606259 , 885.310486 , 308.144287
1237646586072203665 , 906.934998 , 345.146698
1237648722277631656 , 895.275085 , 338.648804
1237646706350884305 , 924.709717 , 306.595886
1237646796523962994 , 928.591003 , 325.294586
1237649768104592860 , 888.593689 , 293.042908
1237646796521410122 , 923.741272 , 333.419891
1237649964073222482 , 908.472473 , 327.65451
1237646648374395948 , 875.30542 , 346.211395
1237649929702932553 , 901.55719 , 286.257996
1237649742334723168 , 887.220398 , 308.818512
1237646794377396463 , 909.574707 , 309.583801
1237649862595313798 , 903.17511 , 310.359314
1237648721786438456 , 898.678284 , 285.054291
1237648705131119489 , 894.412292 , 292.750092
1237648722310923168 , 906.481628 , 286.236206
1237648722283988457 , 908.261719 , 337.540314
1237648722841633641 , 904.558472 , 270.332886
1237646504470840107 , 890.267273 , 319.410309
1237649962998563549 , 881.320496 , 312.632813
1237649953863106743 , 921.925171 , 337.0802
1237646793844655512 , 878.385315 , 341.591492
1237646587169997049 , 916.600891 , 332.370392
1237648704581861425 , 894.944092 , 301.740997
1237646547976455259 , 901.36377 , 285.936615
1237646791698680530 , 920.601929 , 289.651215
1237649962993647664 , 876.515625 , 320.307587
1237648673973207847 , 904.802673 , 298.468597
1237646546889015757 , 919.598389 , 275.071411
1237649918962500004 , 926.148987 , 301.471985
1237649744484697147 , 875.611511 , 323.373688
1237646548492092124 , 899.745483 , 303.785095
1237646797062472026 , 879.090698 , 310.929199
1237648703491474052 , 881.405823 , 282.904785
1237648704037191872 , 902.177917 , 308.265594
1237646750350377524 , 890.798218 , 301.829712
1237646552248551055 , 890.823303 , 321.928986
1237648705142260027 , 878.672729 , 306.77179
1237646586624213716 , 900.180298 , 321.263489
1237649920043778135 , 880.470825 , 285.431885
1237649962459070953 , 908.940613 , 279.076813
1237648597190641301 , 914.935791 , 292.493408
1237646645667431130 , 896.183716 , 318.495514
1237648722851987709 , 907.173828 , 307.816803
1237649863133430276 , 909.905212 , 300.821899
1237648673997128314 , 904.825623 , 307.621002
1237646547439846242 , 893.066772 , 313.120911
1237646510910603618 , 910.982422 , 271.191986
1237649769713828134 , 906.409119 , 324.575897
1237646586103334767 , 912.830078 , 274.702911
1237649823937921509 , 913.785217 , 287.731506
1237646707410272516 , 890.709595 , 301.089508
1237646707413680858 , 901.658813 , 318.160004
1237646551710696302 , 894.730713 , 324.765594
1237646547438011099 , 904.715088 , 276.569611
1237649920043582309 , 909.066101 , 326.444489
1237646585555255866 , 877.708374 , 331.676392
1237646797061556788 , 922.540222 , 324.049988
1237646707427442938 , 903.783203 , 335.618713
1237648675070347254 , 911.352905 , 326.666809
1237646647815111333 , 900.657471 , 341.698395
1237646586612613572 , 914.076904 , 317.240295
1237648673983431853 , 875.687622 , 290.549591
1237646706888279056 , 902.797119 , 298.912689
1237648673459929283 , 874.769409 , 339.904602
1237646587700642550 , 904.400513 , 273.925598
1237648704605914341 , 884.581909 , 292.21109
1237646646229402219 , 890.201172 , 346.023102
1237646549584315201 , 909.519775 , 278.213593
1237648675060581880 , 875.479187 , 299.714691
1237646585556959947 , 896.109314 , 318.709808
1237649912530403850 , 887.846375 , 326.016998
1237646646755721701 , 888.128723 , 340.39151
1237648674515976922 , 923.577209 , 282.650391
1237646707964511835 , 892.738098 , 318.895996
1237645877423768278 , 879.883911 , 324.3685
1237649826086584942 , 915.281921 , 273.062408
1237646797606748941 , 905.118713 , 332.970306
1237648705126990552 , 901.602417 , 273.90271
1237648595576619886 , 875.59082 , 317.300507
1237648722835079752 , 925.554504 , 268.393799
1237650010232128310 , 927.11731 , 327.680511
1237649770250371839 , 916.595581 , 280.390686
1237649909838381959 , 926.416382 , 328.369598
1237646505002926609 , 893.253723 , 320.332306
1237648705110540499 , 874.848511 , 308.557098
1237649863670039218 , 897.998901 , 307.484009
1237648704069371764 , 917.304199 , 335.845795
1237648673425195325 , 916.787476 , 302.004303
1237646705805230690 , 898.076294 , 305.62561
1237649808377840159 , 882.563171 , 276.0065
1237646646761030417 , 873.90033 , 273.584503
1237646648367448251 , 897.95813 , 291.840515
1237646552786340508 , 885.685303 , 286.518494
1237648704588809258 , 916.830994 , 306.372986
1237649953331151222 , 876.311218 , 310.577911
1237649909848932939 , 923.795227 , 321.205994
1237646553321309572 , 893.571289 , 273.763611
1237649770259219175 , 891.796875 , 333.069611
1237648673982776022 , 874.075073 , 335.650787
1237648705678344331 , 914.871826 , 329.680115
1237648722320622876 , 886.475281 , 328.218506
1237648675581788688 , 926.028015 , 290.190094
1237649912520638989 , 919.006287 , 329.378815
1237648675042624172 , 926.33551 , 308.365692
1237649921111622173 , 885.639404 , 321.618988
1237646791700318727 , 881.973816 , 313.45639
1237649809444111234 , 917.176575 , 330.674194
1237648703529354452 , 893.965027 , 306.829407
1237646748741534306 , 920.276978 , 333.763214
1237646647832937011 , 895.193726 , 345.756012
1237646794376414683 , 900.0495 , 345.333008
1237648705675460729 , 892.082886 , 336.773895
1237649808906584795 , 897.840881 , 333.007202
1237646548506903064 , 877.444885 , 323.188812
1237649863136903608 , 909.095825 , 283.408997
1237646793847211103 , 876.76062 , 337.18869
1237646647301964547 , 929.318481 , 288.240601
1237646573722075439 , 877.576477 , 318.270508
1237646587171374147 , 898.043396 , 266.105804
1237646648373544249 , 913.21283 , 323.127502
1237646505003254362 , 891.732117 , 315.950714
1237646648358011347 , 908.935791 , 329.460388
1237648674505884244 , 910.041016 , 275.880798
1237649911990780298 , 904.489197 , 296.832001
1237648672917619494 , 876.624878 , 330.639587
1237649939906102590 , 929.658081 , 281.238708
1237646585563382406 , 923.43457 , 342.032013
1237648705675199343 , 881.690491 , 316.196289
1237648722834490120 , 886.146179 , 343.054413
1237648703507398732 , 900.147705 , 335.683014
1237646585560695750 , 882.093384 , 303.350189
1237648703529156757 , 918.639404 , 305.5672
1237649871181513182 , 901.213318 , 321.387299
1237646647290823124 , 901.877625 , 318.803192
1237646548491043341 , 918.851196 , 343.615692
1237646706891621102 , 889.235718 , 278.610901
1237649742333084689 , 908.655029 , 296.462708
1237646647276077557 , 922.527222 , 286.526215
1237648722284708732 , 889.480286 , 306.739197
1237649811053740502 , 923.992493 , 286.956909
1237649865277047210 , 882.748413 , 280.351288
1237646706889459833 , 899.227112 , 345.366089
1237646546885673223 , 918.498718 , 282.435791
1237649953867760060 , 905.81543 , 292.988098
1237646797606486875 , 902.703979 , 291.834015
1237648703499010655 , 883.538879 , 326.015289
