18160 , 932.980774 , 1897.76697
1892 , 940.143616 , 1887.90906
81803 , 938.380188 , 1896.401
106954 , 941.744873 , 1892.53003
71992 , 942.277222 , 1897.85303
54393 , 929.115723 , 1896.078
48742 , 934.959717 , 1901.72998
45644 , 940.976685 , 1886.32397
89716 , 939.318115 , 1901.50806
111721 , 938.742676 , 1886.05505
112987 , 942.257629 , 1882.08704
52954 , 935.730713 , 1886.37
29362 , 941.833618 , 1891.578
32383 , 935.728088 , 1892.63904
85423 , 940.532593 , 1895.71594
101425 , 932.549316 , 1884.93994
