26202 , 98.20047 , 316.344788
90282 , 92.4879074 , 306.135406
8137 , 94.3751373 , 306.789795
78268 , 101.228203 , 307.24881
24587 , 100.289803 , 308.460907
115767 , 97.2789993 , 306.832306
69373 , 104.299896 , 308.638
93670 , 92.4763336 , 302.325806
54767 , 100.043098 , 308.0336
68321 , 100.674896 , 306.156403
75938 , 95.0796127 , 303.332397
59990 , 101.923599 , 302.559998
109814 , 104.673203 , 304.533813
49715 , 93.3997726 , 313.060394
98782 , 97.8778534 , 299.888611
6808 , 91.6700668 , 298.090698
21694 , 94.8875427 , 297.518707
